,primes
0,10007
1,10009
2,10037
3,10039
4,10061
5,10067
6,10069
7,10079
8,10091
9,10093
10,10099
11,10103
12,10111
13,10133
14,10139
15,10141
16,10151
17,10159
18,10163
19,10169
20,10177
21,10181
22,10193
23,10211
24,10223
25,10243
26,10247
27,10253
28,10259
29,10267
30,10271
31,10273
32,10289
33,10301
34,10303
35,10313
36,10321
37,10331
38,10333
39,10337
40,10343
41,10357
42,10369
43,10391
44,10399
45,10427
46,10429
47,10433
48,10453
49,10457
50,10459
51,10463
52,10477
53,10487
54,10499
55,10501
56,10513
57,10529
58,10531
59,10559
60,10567
61,10589
62,10597
63,10601
64,10607
65,10613
66,10627
67,10631
68,10639
69,10651
70,10657
71,10663
72,10667
73,10687
74,10691
75,10709
76,10711
77,10723
78,10729
79,10733
80,10739
81,10753
82,10771
83,10781
84,10789
85,10799
86,10831
87,10837
88,10847
89,10853
90,10859
91,10861
92,10867
93,10883
94,10889
95,10891
96,10903
97,10909
98,10937
99,10939
100,10949
101,10957
102,10973
103,10979
104,10987
105,10993
106,11003
107,11027
108,11047
109,11057
110,11059
111,11069
112,11071
113,11083
114,11087
115,11093
116,11113
117,11117
118,11119
119,11131
120,11149
121,11159
122,11161
123,11171
124,11173
125,11177
126,11197
127,11213
128,11239
129,11243
130,11251
131,11257
132,11261
133,11273
134,11279
135,11287
136,11299
137,11311
138,11317
139,11321
140,11329
141,11351
142,11353
143,11369
144,11383
145,11393
146,11399
147,11411
148,11423
149,11437
150,11443
151,11447
152,11467
153,11471
154,11483
155,11489
156,11491
157,11497
158,11503
159,11519
160,11527
161,11549
162,11551
163,11579
164,11587
165,11593
166,11597
167,11617
168,11621
169,11633
170,11657
171,11677
172,11681
173,11689
174,11699
175,11701
176,11717
177,11719
178,11731
179,11743
180,11777
181,11779
182,11783
183,11789
184,11801
185,11807
186,11813
187,11821
188,11827
189,11831
190,11833
191,11839
192,11863
193,11867
194,11887
195,11897
196,11903
197,11909
198,11923
199,11927
200,11933
201,11939
202,11941
203,11953
204,11959
205,11969
206,11971
207,11981
208,11987
209,12007
210,12011
211,12037
212,12041
213,12043
214,12049
215,12071
216,12073
217,12097
218,12101
219,12107
220,12109
221,12113
222,12119
223,12143
224,12149
225,12157
226,12161
227,12163
228,12197
229,12203
230,12211
231,12227
232,12239
233,12241
234,12251
235,12253
236,12263
237,12269
238,12277
239,12281
240,12289
241,12301
242,12323
243,12329
244,12343
245,12347
246,12373
247,12377
248,12379
249,12391
250,12401
251,12409
252,12413
253,12421
254,12433
255,12437
256,12451
257,12457
258,12473
259,12479
260,12487
261,12491
262,12497
263,12503
264,12511
265,12517
266,12527
267,12539
268,12541
269,12547
270,12553
271,12569
272,12577
273,12583
274,12589
275,12601
276,12611
277,12613
278,12619
279,12637
280,12641
281,12647
282,12653
283,12659
284,12671
285,12689
286,12697
287,12703
288,12713
289,12721
290,12739
291,12743
292,12757
293,12763
294,12781
295,12791
296,12799
297,12809
298,12821
299,12823
300,12829
301,12841
302,12853
303,12889
304,12893
305,12899
306,12907
307,12911
308,12917
309,12919
310,12923
311,12941
312,12953
313,12959
314,12967
315,12973
316,12979
317,12983
318,13001
319,13003
320,13007
321,13009
322,13033
323,13037
324,13043
325,13049
326,13063
327,13093
328,13099
329,13103
330,13109
331,13121
332,13127
333,13147
334,13151
335,13159
336,13163
337,13171
338,13177
339,13183
340,13187
341,13217
342,13219
343,13229
344,13241
345,13249
346,13259
347,13267
348,13291
349,13297
350,13309
351,13313
352,13327
353,13331
354,13337
355,13339
356,13367
357,13381
358,13397
359,13399
360,13411
361,13417
362,13421
363,13441
364,13451
365,13457
366,13463
367,13469
368,13477
369,13487
370,13499
371,13513
372,13523
373,13537
374,13553
375,13567
376,13577
377,13591
378,13597
379,13613
380,13619
381,13627
382,13633
383,13649
384,13669
385,13679
386,13681
387,13687
388,13691
389,13693
390,13697
391,13709
392,13711
393,13721
394,13723
395,13729
396,13751
397,13757
398,13759
399,13763
400,13781
401,13789
402,13799
403,13807
404,13829
405,13831
406,13841
407,13859
408,13873
409,13877
410,13879
411,13883
412,13901
413,13903
414,13907
415,13913
416,13921
417,13931
418,13933
419,13963
420,13967
421,13997
422,13999
423,14009
424,14011
425,14029
426,14033
427,14051
428,14057
429,14071
430,14081
431,14083
432,14087
433,14107
434,14143
435,14149
436,14153
437,14159
438,14173
439,14177
440,14197
441,14207
442,14221
443,14243
444,14249
445,14251
446,14281
447,14293
448,14303
449,14321
450,14323
451,14327
452,14341
453,14347
454,14369
455,14387
456,14389
457,14401
458,14407
459,14411
460,14419
461,14423
462,14431
463,14437
464,14447
465,14449
466,14461
467,14479
468,14489
469,14503
470,14519
471,14533
472,14537
473,14543
474,14549
475,14551
476,14557
477,14561
478,14563
479,14591
480,14593
481,14621
482,14627
483,14629
484,14633
485,14639
486,14653
487,14657
488,14669
489,14683
490,14699
491,14713
492,14717
493,14723
494,14731
495,14737
496,14741
497,14747
498,14753
499,14759
500,14767
501,14771
502,14779
503,14783
504,14797
505,14813
506,14821
507,14827
508,14831
509,14843
510,14851
511,14867
512,14869
513,14879
514,14887
515,14891
516,14897
517,14923
518,14929
519,14939
520,14947
521,14951
522,14957
523,14969
524,14983
525,15013
526,15017
527,15031
528,15053
529,15061
530,15073
531,15077
532,15083
533,15091
534,15101
535,15107
536,15121
537,15131
538,15137
539,15139
540,15149
541,15161
542,15173
543,15187
544,15193
545,15199
546,15217
547,15227
548,15233
549,15241
550,15259
551,15263
552,15269
553,15271
554,15277
555,15287
556,15289
557,15299
558,15307
559,15313
560,15319
561,15329
562,15331
563,15349
564,15359
565,15361
566,15373
567,15377
568,15383
569,15391
570,15401
571,15413
572,15427
573,15439
574,15443
575,15451
576,15461
577,15467
578,15473
579,15493
580,15497
581,15511
582,15527
583,15541
584,15551
585,15559
586,15569
587,15581
588,15583
589,15601
590,15607
591,15619
592,15629
593,15641
594,15643
595,15647
596,15649
597,15661
598,15667
599,15671
600,15679
601,15683
602,15727
603,15731
604,15733
605,15737
606,15739
607,15749
608,15761
609,15767
610,15773
611,15787
612,15791
613,15797
614,15803
615,15809
616,15817
617,15823
618,15859
619,15877
620,15881
621,15887
622,15889
623,15901
624,15907
625,15913
626,15919
627,15923
628,15937
629,15959
630,15971
631,15973
632,15991
633,16001
634,16007
635,16033
636,16057
637,16061
638,16063
639,16067
640,16069
641,16073
642,16087
643,16091
644,16097
645,16103
646,16111
647,16127
648,16139
649,16141
650,16183
651,16187
652,16189
653,16193
654,16217
655,16223
656,16229
657,16231
658,16249
659,16253
660,16267
661,16273
662,16301
663,16319
664,16333
665,16339
666,16349
667,16361
668,16363
669,16369
670,16381
671,16411
672,16417
673,16421
674,16427
675,16433
676,16447
677,16451
678,16453
679,16477
680,16481
681,16487
682,16493
683,16519
684,16529
685,16547
686,16553
687,16561
688,16567
689,16573
690,16603
691,16607
692,16619
693,16631
694,16633
695,16649
696,16651
697,16657
698,16661
699,16673
700,16691
701,16693
702,16699
703,16703
704,16729
705,16741
706,16747
707,16759
708,16763
709,16787
710,16811
711,16823
712,16829
713,16831
714,16843
715,16871
716,16879
717,16883
718,16889
719,16901
720,16903
721,16921
722,16927
723,16931
724,16937
725,16943
726,16963
727,16979
728,16981
729,16987
730,16993
731,17011
732,17021
733,17027
734,17029
735,17033
736,17041
737,17047
738,17053
739,17077
740,17093
741,17099
742,17107
743,17117
744,17123
745,17137
746,17159
747,17167
748,17183
749,17189
750,17191
751,17203
752,17207
753,17209
754,17231
755,17239
756,17257
757,17291
758,17293
759,17299
760,17317
761,17321
762,17327
763,17333
764,17341
765,17351
766,17359
767,17377
768,17383
769,17387
770,17389
771,17393
772,17401
773,17417
774,17419
775,17431
776,17443
777,17449
778,17467
779,17471
780,17477
781,17483
782,17489
783,17491
784,17497
785,17509
786,17519
787,17539
788,17551
789,17569
790,17573
791,17579
792,17581
793,17597
794,17599
795,17609
796,17623
797,17627
798,17657
799,17659
800,17669
801,17681
802,17683
803,17707
804,17713
805,17729
806,17737
807,17747
808,17749
809,17761
810,17783
811,17789
812,17791
813,17807
814,17827
815,17837
816,17839
817,17851
818,17863
819,17881
820,17891
821,17903
822,17909
823,17911
824,17921
825,17923
826,17929
827,17939
828,17957
829,17959
830,17971
831,17977
832,17981
833,17987
834,17989
835,18013
836,18041
837,18043
838,18047
839,18049
840,18059
841,18061
842,18077
843,18089
844,18097
845,18119
846,18121
847,18127
848,18131
849,18133
850,18143
851,18149
852,18169
853,18181
854,18191
855,18199
856,18211
857,18217
858,18223
859,18229
860,18233
861,18251
862,18253
863,18257
864,18269
865,18287
866,18289
867,18301
868,18307
869,18311
870,18313
871,18329
872,18341
873,18353
874,18367
875,18371
876,18379
877,18397
878,18401
879,18413
880,18427
881,18433
882,18439
883,18443
884,18451
885,18457
886,18461
887,18481
888,18493
889,18503
890,18517
891,18521
892,18523
893,18539
894,18541
895,18553
896,18583
897,18587
898,18593
899,18617
900,18637
901,18661
902,18671
903,18679
904,18691
905,18701
906,18713
907,18719
908,18731
909,18743
910,18749
911,18757
912,18773
913,18787
914,18793
915,18797
916,18803
917,18839
918,18859
919,18869
920,18899
921,18911
922,18913
923,18917
924,18919
925,18947
926,18959
927,18973
928,18979
929,19001
930,19009
931,19013
932,19031
933,19037
934,19051
935,19069
936,19073
937,19079
938,19081
939,19087
940,19121
941,19139
942,19141
943,19157
944,19163
945,19181
946,19183
947,19207
948,19211
949,19213
950,19219
951,19231
952,19237
953,19249
954,19259
955,19267
956,19273
957,19289
958,19301
959,19309
960,19319
961,19333
962,19373
963,19379
964,19381
965,19387
966,19391
967,19403
968,19417
969,19421
970,19423
971,19427
972,19429
973,19433
974,19441
975,19447
976,19457
977,19463
978,19469
979,19471
980,19477
981,19483
982,19489
983,19501
984,19507
985,19531
986,19541
987,19543
988,19553
989,19559
990,19571
991,19577
992,19583
993,19597
994,19603
995,19609
996,19661
997,19681
998,19687
999,19697
1000,19699
1001,19709
1002,19717
1003,19727
1004,19739
1005,19751
1006,19753
1007,19759
1008,19763
1009,19777
1010,19793
1011,19801
1012,19813
1013,19819
1014,19841
1015,19843
1016,19853
1017,19861
1018,19867
1019,19889
1020,19891
1021,19913
1022,19919
1023,19927
1024,19937
1025,19949
1026,19961
1027,19963
1028,19973
1029,19979
1030,19991
1031,19993
1032,19997
1033,20011
1034,20021
1035,20023
1036,20029
1037,20047
1038,20051
1039,20063
1040,20071
1041,20089
1042,20101
1043,20107
1044,20113
1045,20117
1046,20123
1047,20129
1048,20143
1049,20147
1050,20149
1051,20161
1052,20173
1053,20177
1054,20183
1055,20201
1056,20219
1057,20231
1058,20233
1059,20249
1060,20261
1061,20269
1062,20287
1063,20297
1064,20323
1065,20327
1066,20333
1067,20341
1068,20347
1069,20353
1070,20357
1071,20359
1072,20369
1073,20389
1074,20393
1075,20399
1076,20407
1077,20411
1078,20431
1079,20441
1080,20443
1081,20477
1082,20479
1083,20483
1084,20507
1085,20509
1086,20521
1087,20533
1088,20543
1089,20549
1090,20551
1091,20563
1092,20593
1093,20599
1094,20611
1095,20627
1096,20639
1097,20641
1098,20663
1099,20681
1100,20693
1101,20707
1102,20717
1103,20719
1104,20731
1105,20743
1106,20747
1107,20749
1108,20753
1109,20759
1110,20771
1111,20773
1112,20789
1113,20807
1114,20809
1115,20849
1116,20857
1117,20873
1118,20879
1119,20887
1120,20897
1121,20899
1122,20903
1123,20921
1124,20929
1125,20939
1126,20947
1127,20959
1128,20963
1129,20981
1130,20983
1131,21001
1132,21011
1133,21013
1134,21017
1135,21019
1136,21023
1137,21031
1138,21059
1139,21061
1140,21067
1141,21089
1142,21101
1143,21107
1144,21121
1145,21139
1146,21143
1147,21149
1148,21157
1149,21163
1150,21169
1151,21179
1152,21187
1153,21191
1154,21193
1155,21211
1156,21221
1157,21227
1158,21247
1159,21269
1160,21277
1161,21283
1162,21313
1163,21317
1164,21319
1165,21323
1166,21341
1167,21347
1168,21377
1169,21379
1170,21383
1171,21391
1172,21397
1173,21401
1174,21407
1175,21419
1176,21433
1177,21467
1178,21481
1179,21487
1180,21491
1181,21493
1182,21499
1183,21503
1184,21517
1185,21521
1186,21523
1187,21529
1188,21557
1189,21559
1190,21563
1191,21569
1192,21577
1193,21587
1194,21589
1195,21599
1196,21601
1197,21611
1198,21613
1199,21617
1200,21647
1201,21649
1202,21661
1203,21673
1204,21683
1205,21701
1206,21713
1207,21727
1208,21737
1209,21739
1210,21751
1211,21757
1212,21767
1213,21773
1214,21787
1215,21799
1216,21803
1217,21817
1218,21821
1219,21839
1220,21841
1221,21851
1222,21859
1223,21863
1224,21871
1225,21881
1226,21893
1227,21911
1228,21929
1229,21937
1230,21943
1231,21961
1232,21977
1233,21991
1234,21997
1235,22003
1236,22013
1237,22027
1238,22031
1239,22037
1240,22039
1241,22051
1242,22063
1243,22067
1244,22073
1245,22079
1246,22091
1247,22093
1248,22109
1249,22111
1250,22123
1251,22129
1252,22133
1253,22147
1254,22153
1255,22157
1256,22159
1257,22171
1258,22189
1259,22193
1260,22229
1261,22247
1262,22259
1263,22271
1264,22273
1265,22277
1266,22279
1267,22283
1268,22291
1269,22303
1270,22307
1271,22343
1272,22349
1273,22367
1274,22369
1275,22381
1276,22391
1277,22397
1278,22409
1279,22433
1280,22441
1281,22447
1282,22453
1283,22469
1284,22481
1285,22483
1286,22501
1287,22511
1288,22531
1289,22541
1290,22543
1291,22549
1292,22567
1293,22571
1294,22573
1295,22613
1296,22619
1297,22621
1298,22637
1299,22639
1300,22643
1301,22651
1302,22669
1303,22679
1304,22691
1305,22697
1306,22699
1307,22709
1308,22717
1309,22721
1310,22727
1311,22739
1312,22741
1313,22751
1314,22769
1315,22777
1316,22783
1317,22787
1318,22807
1319,22811
1320,22817
1321,22853
1322,22859
1323,22861
1324,22871
1325,22877
1326,22901
1327,22907
1328,22921
1329,22937
1330,22943
1331,22961
1332,22963
1333,22973
1334,22993
1335,23003
1336,23011
1337,23017
1338,23021
1339,23027
1340,23029
1341,23039
1342,23041
1343,23053
1344,23057
1345,23059
1346,23063
1347,23071
1348,23081
1349,23087
1350,23099
1351,23117
1352,23131
1353,23143
1354,23159
1355,23167
1356,23173
1357,23189
1358,23197
1359,23201
1360,23203
1361,23209
1362,23227
1363,23251
1364,23269
1365,23279
1366,23291
1367,23293
1368,23297
1369,23311
1370,23321
1371,23327
1372,23333
1373,23339
1374,23357
1375,23369
1376,23371
1377,23399
1378,23417
1379,23431
1380,23447
1381,23459
1382,23473
1383,23497
1384,23509
1385,23531
1386,23537
1387,23539
1388,23549
1389,23557
1390,23561
1391,23563
1392,23567
1393,23581
1394,23593
1395,23599
1396,23603
1397,23609
1398,23623
1399,23627
1400,23629
1401,23633
1402,23663
1403,23669
1404,23671
1405,23677
1406,23687
1407,23689
1408,23719
1409,23741
1410,23743
1411,23747
1412,23753
1413,23761
1414,23767
1415,23773
1416,23789
1417,23801
1418,23813
1419,23819
1420,23827
1421,23831
1422,23833
1423,23857
1424,23869
1425,23873
1426,23879
1427,23887
1428,23893
1429,23899
1430,23909
1431,23911
1432,23917
1433,23929
1434,23957
1435,23971
1436,23977
1437,23981
1438,23993
1439,24001
1440,24007
1441,24019
1442,24023
1443,24029
1444,24043
1445,24049
1446,24061
1447,24071
1448,24077
1449,24083
1450,24091
1451,24097
1452,24103
1453,24107
1454,24109
1455,24113
1456,24121
1457,24133
1458,24137
1459,24151
1460,24169
1461,24179
1462,24181
1463,24197
1464,24203
1465,24223
1466,24229
1467,24239
1468,24247
1469,24251
1470,24281
1471,24317
1472,24329
1473,24337
1474,24359
1475,24371
1476,24373
1477,24379
1478,24391
1479,24407
1480,24413
1481,24419
1482,24421
1483,24439
1484,24443
1485,24469
1486,24473
1487,24481
1488,24499
1489,24509
1490,24517
1491,24527
1492,24533
1493,24547
1494,24551
1495,24571
1496,24593
1497,24611
1498,24623
1499,24631
1500,24659
1501,24671
1502,24677
1503,24683
1504,24691
1505,24697
1506,24709
1507,24733
1508,24749
1509,24763
1510,24767
1511,24781
1512,24793
1513,24799
1514,24809
1515,24821
1516,24841
1517,24847
1518,24851
1519,24859
1520,24877
1521,24889
1522,24907
1523,24917
1524,24919
1525,24923
1526,24943
1527,24953
1528,24967
1529,24971
1530,24977
1531,24979
1532,24989
1533,25013
1534,25031
1535,25033
1536,25037
1537,25057
1538,25073
1539,25087
1540,25097
1541,25111
1542,25117
1543,25121
1544,25127
1545,25147
1546,25153
1547,25163
1548,25169
1549,25171
1550,25183
1551,25189
1552,25219
1553,25229
1554,25237
1555,25243
1556,25247
1557,25253
1558,25261
1559,25301
1560,25303
1561,25307
1562,25309
1563,25321
1564,25339
1565,25343
1566,25349
1567,25357
1568,25367
1569,25373
1570,25391
1571,25409
1572,25411
1573,25423
1574,25439
1575,25447
1576,25453
1577,25457
1578,25463
1579,25469
1580,25471
1581,25523
1582,25537
1583,25541
1584,25561
1585,25577
1586,25579
1587,25583
1588,25589
1589,25601
1590,25603
1591,25609
1592,25621
1593,25633
1594,25639
1595,25643
1596,25657
1597,25667
1598,25673
1599,25679
1600,25693
1601,25703
1602,25717
1603,25733
1604,25741
1605,25747
1606,25759
1607,25763
1608,25771
1609,25793
1610,25799
1611,25801
1612,25819
1613,25841
1614,25847
1615,25849
1616,25867
1617,25873
1618,25889
1619,25903
1620,25913
1621,25919
1622,25931
1623,25933
1624,25939
1625,25943
1626,25951
1627,25969
1628,25981
1629,25997
1630,25999
1631,26003
1632,26017
1633,26021
1634,26029
1635,26041
1636,26053
1637,26083
1638,26099
1639,26107
1640,26111
1641,26113
1642,26119
1643,26141
1644,26153
1645,26161
1646,26171
1647,26177
1648,26183
1649,26189
1650,26203
1651,26209
1652,26227
1653,26237
1654,26249
1655,26251
1656,26261
1657,26263
1658,26267
1659,26293
1660,26297
1661,26309
1662,26317
1663,26321
1664,26339
1665,26347
1666,26357
1667,26371
1668,26387
1669,26393
1670,26399
1671,26407
1672,26417
1673,26423
1674,26431
1675,26437
1676,26449
1677,26459
1678,26479
1679,26489
1680,26497
1681,26501
1682,26513
1683,26539
1684,26557
1685,26561
1686,26573
1687,26591
1688,26597
1689,26627
1690,26633
1691,26641
1692,26647
1693,26669
1694,26681
1695,26683
1696,26687
1697,26693
1698,26699
1699,26701
1700,26711
1701,26713
1702,26717
1703,26723
1704,26729
1705,26731
1706,26737
1707,26759
1708,26777
1709,26783
1710,26801
1711,26813
1712,26821
1713,26833
1714,26839
1715,26849
1716,26861
1717,26863
1718,26879
1719,26881
1720,26891
1721,26893
1722,26903
1723,26921
1724,26927
1725,26947
1726,26951
1727,26953
1728,26959
1729,26981
1730,26987
1731,26993
1732,27011
1733,27017
1734,27031
1735,27043
1736,27059
1737,27061
1738,27067
1739,27073
1740,27077
1741,27091
1742,27103
1743,27107
1744,27109
1745,27127
1746,27143
1747,27179
1748,27191
1749,27197
1750,27211
1751,27239
1752,27241
1753,27253
1754,27259
1755,27271
1756,27277
1757,27281
1758,27283
1759,27299
1760,27329
1761,27337
1762,27361
1763,27367
1764,27397
1765,27407
1766,27409
1767,27427
1768,27431
1769,27437
1770,27449
1771,27457
1772,27479
1773,27481
1774,27487
1775,27509
1776,27527
1777,27529
1778,27539
1779,27541
1780,27551
1781,27581
1782,27583
1783,27611
1784,27617
1785,27631
1786,27647
1787,27653
1788,27673
1789,27689
1790,27691
1791,27697
1792,27701
1793,27733
1794,27737
1795,27739
1796,27743
1797,27749
1798,27751
1799,27763
1800,27767
1801,27773
1802,27779
1803,27791
1804,27793
1805,27799
1806,27803
1807,27809
1808,27817
1809,27823
1810,27827
1811,27847
1812,27851
1813,27883
1814,27893
1815,27901
1816,27917
1817,27919
1818,27941
1819,27943
1820,27947
1821,27953
1822,27961
1823,27967
1824,27983
1825,27997
1826,28001
1827,28019
1828,28027
1829,28031
1830,28051
1831,28057
1832,28069
1833,28081
1834,28087
1835,28097
1836,28099
1837,28109
1838,28111
1839,28123
1840,28151
1841,28163
1842,28181
1843,28183
1844,28201
1845,28211
1846,28219
1847,28229
1848,28277
1849,28279
1850,28283
1851,28289
1852,28297
1853,28307
1854,28309
1855,28319
1856,28349
1857,28351
1858,28387
1859,28393
1860,28403
1861,28409
1862,28411
1863,28429
1864,28433
1865,28439
1866,28447
1867,28463
1868,28477
1869,28493
1870,28499
1871,28513
1872,28517
1873,28537
1874,28541
1875,28547
1876,28549
1877,28559
1878,28571
1879,28573
1880,28579
1881,28591
1882,28597
1883,28603
1884,28607
1885,28619
1886,28621
1887,28627
1888,28631
1889,28643
1890,28649
1891,28657
1892,28661
1893,28663
1894,28669
1895,28687
1896,28697
1897,28703
1898,28711
1899,28723
1900,28729
1901,28751
1902,28753
1903,28759
1904,28771
1905,28789
1906,28793
1907,28807
1908,28813
1909,28817
1910,28837
1911,28843
1912,28859
1913,28867
1914,28871
1915,28879
1916,28901
1917,28909
1918,28921
1919,28927
1920,28933
1921,28949
1922,28961
1923,28979
1924,29009
1925,29017
1926,29021
1927,29023
1928,29027
1929,29033
1930,29059
1931,29063
1932,29077
1933,29101
1934,29123
1935,29129
1936,29131
1937,29137
1938,29147
1939,29153
1940,29167
1941,29173
1942,29179
1943,29191
1944,29201
1945,29207
1946,29209
1947,29221
1948,29231
1949,29243
1950,29251
1951,29269
1952,29287
1953,29297
1954,29303
1955,29311
1956,29327
1957,29333
1958,29339
1959,29347
1960,29363
1961,29383
1962,29387
1963,29389
1964,29399
1965,29401
1966,29411
1967,29423
1968,29429
1969,29437
1970,29443
1971,29453
1972,29473
1973,29483
1974,29501
1975,29527
1976,29531
1977,29537
1978,29567
1979,29569
1980,29573
1981,29581
1982,29587
1983,29599
1984,29611
1985,29629
1986,29633
1987,29641
1988,29663
1989,29669
1990,29671
1991,29683
1992,29717
1993,29723
1994,29741
1995,29753
1996,29759
1997,29761
1998,29789
1999,29803
2000,29819
2001,29833
2002,29837
2003,29851
2004,29863
2005,29867
2006,29873
2007,29879
2008,29881
2009,29917
2010,29921
2011,29927
2012,29947
2013,29959
2014,29983
2015,29989
2016,30011
2017,30013
2018,30029
2019,30047
2020,30059
2021,30071
2022,30089
2023,30091
2024,30097
2025,30103
2026,30109
2027,30113
2028,30119
2029,30133
2030,30137
2031,30139
2032,30161
2033,30169
2034,30181
2035,30187
2036,30197
2037,30203
2038,30211
2039,30223
2040,30241
2041,30253
2042,30259
2043,30269
2044,30271
2045,30293
2046,30307
2047,30313
2048,30319
2049,30323
2050,30341
2051,30347
2052,30367
2053,30389
2054,30391
2055,30403
2056,30427
2057,30431
2058,30449
2059,30467
2060,30469
2061,30491
2062,30493
2063,30497
2064,30509
2065,30517
2066,30529
2067,30539
2068,30553
2069,30557
2070,30559
2071,30577
2072,30593
2073,30631
2074,30637
2075,30643
2076,30649
2077,30661
2078,30671
2079,30677
2080,30689
2081,30697
2082,30703
2083,30707
2084,30713
2085,30727
2086,30757
2087,30763
2088,30773
2089,30781
2090,30803
2091,30809
2092,30817
2093,30829
2094,30839
2095,30841
2096,30851
2097,30853
2098,30859
2099,30869
2100,30871
2101,30881
2102,30893
2103,30911
2104,30931
2105,30937
2106,30941
2107,30949
2108,30971
2109,30977
2110,30983
2111,31013
2112,31019
2113,31033
2114,31039
2115,31051
2116,31063
2117,31069
2118,31079
2119,31081
2120,31091
2121,31121
2122,31123
2123,31139
2124,31147
2125,31151
2126,31153
2127,31159
2128,31177
2129,31181
2130,31183
2131,31189
2132,31193
2133,31219
2134,31223
2135,31231
2136,31237
2137,31247
2138,31249
2139,31253
2140,31259
2141,31267
2142,31271
2143,31277
2144,31307
2145,31319
2146,31321
2147,31327
2148,31333
2149,31337
2150,31357
2151,31379
2152,31387
2153,31391
2154,31393
2155,31397
2156,31469
2157,31477
2158,31481
2159,31489
2160,31511
2161,31513
2162,31517
2163,31531
2164,31541
2165,31543
2166,31547
2167,31567
2168,31573
2169,31583
2170,31601
2171,31607
2172,31627
2173,31643
2174,31649
2175,31657
2176,31663
2177,31667
2178,31687
2179,31699
2180,31721
2181,31723
2182,31727
2183,31729
2184,31741
2185,31751
2186,31769
2187,31771
2188,31793
2189,31799
2190,31817
2191,31847
2192,31849
2193,31859
2194,31873
2195,31883
2196,31891
2197,31907
2198,31957
2199,31963
2200,31973
2201,31981
2202,31991
2203,32003
2204,32009
2205,32027
2206,32029
2207,32051
2208,32057
2209,32059
2210,32063
2211,32069
2212,32077
2213,32083
2214,32089
2215,32099
2216,32117
2217,32119
2218,32141
2219,32143
2220,32159
2221,32173
2222,32183
2223,32189
2224,32191
2225,32203
2226,32213
2227,32233
2228,32237
2229,32251
2230,32257
2231,32261
2232,32297
2233,32299
2234,32303
2235,32309
2236,32321
2237,32323
2238,32327
2239,32341
2240,32353
2241,32359
2242,32363
2243,32369
2244,32371
2245,32377
2246,32381
2247,32401
2248,32411
2249,32413
2250,32423
2251,32429
2252,32441
2253,32443
2254,32467
2255,32479
2256,32491
2257,32497
2258,32503
2259,32507
2260,32531
2261,32533
2262,32537
2263,32561
2264,32563
2265,32569
2266,32573
2267,32579
2268,32587
2269,32603
2270,32609
2271,32611
2272,32621
2273,32633
2274,32647
2275,32653
2276,32687
2277,32693
2278,32707
2279,32713
2280,32717
2281,32719
2282,32749
2283,32771
2284,32779
2285,32783
2286,32789
2287,32797
2288,32801
2289,32803
2290,32831
2291,32833
2292,32839
2293,32843
2294,32869
2295,32887
2296,32909
2297,32911
2298,32917
2299,32933
2300,32939
2301,32941
2302,32957
2303,32969
2304,32971
2305,32983
2306,32987
2307,32993
2308,32999
2309,33013
2310,33023
2311,33029
2312,33037
2313,33049
2314,33053
2315,33071
2316,33073
2317,33083
2318,33091
2319,33107
2320,33113
2321,33119
2322,33149
2323,33151
2324,33161
2325,33179
2326,33181
2327,33191
2328,33199
2329,33203
2330,33211
2331,33223
2332,33247
2333,33287
2334,33289
2335,33301
2336,33311
2337,33317
2338,33329
2339,33331
2340,33343
2341,33347
2342,33349
2343,33353
2344,33359
2345,33377
2346,33391
2347,33403
2348,33409
2349,33413
2350,33427
2351,33457
2352,33461
2353,33469
2354,33479
2355,33487
2356,33493
2357,33503
2358,33521
2359,33529
2360,33533
2361,33547
2362,33563
2363,33569
2364,33577
2365,33581
2366,33587
2367,33589
2368,33599
2369,33601
2370,33613
2371,33617
2372,33619
2373,33623
2374,33629
2375,33637
2376,33641
2377,33647
2378,33679
2379,33703
2380,33713
2381,33721
2382,33739
2383,33749
2384,33751
2385,33757
2386,33767
2387,33769
2388,33773
2389,33791
2390,33797
2391,33809
2392,33811
2393,33827
2394,33829
2395,33851
2396,33857
2397,33863
2398,33871
2399,33889
2400,33893
2401,33911
2402,33923
2403,33931
2404,33937
2405,33941
2406,33961
2407,33967
2408,33997
2409,34019
2410,34031
2411,34033
2412,34039
2413,34057
2414,34061
2415,34123
2416,34127
2417,34129
2418,34141
2419,34147
2420,34157
2421,34159
2422,34171
2423,34183
2424,34211
2425,34213
2426,34217
2427,34231
2428,34253
2429,34259
2430,34261
2431,34267
2432,34273
2433,34283
2434,34297
2435,34301
2436,34303
2437,34313
2438,34319
2439,34327
2440,34337
2441,34351
2442,34361
2443,34367
2444,34369
2445,34381
2446,34403
2447,34421
2448,34429
2449,34439
2450,34457
2451,34469
2452,34471
2453,34483
2454,34487
2455,34499
2456,34501
2457,34511
2458,34513
2459,34519
2460,34537
2461,34543
2462,34549
2463,34583
2464,34589
2465,34591
2466,34603
2467,34607
2468,34613
2469,34631
2470,34649
2471,34651
2472,34667
2473,34673
2474,34679
2475,34687
2476,34693
2477,34703
2478,34721
2479,34729
2480,34739
2481,34747
2482,34757
2483,34759
2484,34763
2485,34781
2486,34807
2487,34819
2488,34841
2489,34843
2490,34847
2491,34849
2492,34871
2493,34877
2494,34883
2495,34897
2496,34913
2497,34919
2498,34939
2499,34949
2500,34961
2501,34963
2502,34981
2503,35023
2504,35027
2505,35051
2506,35053
2507,35059
2508,35069
2509,35081
2510,35083
2511,35089
2512,35099
2513,35107
2514,35111
2515,35117
2516,35129
2517,35141
2518,35149
2519,35153
2520,35159
2521,35171
2522,35201
2523,35221
2524,35227
2525,35251
2526,35257
2527,35267
2528,35279
2529,35281
2530,35291
2531,35311
2532,35317
2533,35323
2534,35327
2535,35339
2536,35353
2537,35363
2538,35381
2539,35393
2540,35401
2541,35407
2542,35419
2543,35423
2544,35437
2545,35447
2546,35449
2547,35461
2548,35491
2549,35507
2550,35509
2551,35521
2552,35527
2553,35531
2554,35533
2555,35537
2556,35543
2557,35569
2558,35573
2559,35591
2560,35593
2561,35597
2562,35603
2563,35617
2564,35671
2565,35677
2566,35729
2567,35731
2568,35747
2569,35753
2570,35759
2571,35771
2572,35797
2573,35801
2574,35803
2575,35809
2576,35831
2577,35837
2578,35839
2579,35851
2580,35863
2581,35869
2582,35879
2583,35897
2584,35899
2585,35911
2586,35923
2587,35933
2588,35951
2589,35963
2590,35969
2591,35977
2592,35983
2593,35993
2594,35999
2595,36007
2596,36011
2597,36013
2598,36017
2599,36037
2600,36061
2601,36067
2602,36073
2603,36083
2604,36097
2605,36107
2606,36109
2607,36131
2608,36137
2609,36151
2610,36161
2611,36187
2612,36191
2613,36209
2614,36217
2615,36229
2616,36241
2617,36251
2618,36263
2619,36269
2620,36277
2621,36293
2622,36299
2623,36307
2624,36313
2625,36319
2626,36341
2627,36343
2628,36353
2629,36373
2630,36383
2631,36389
2632,36433
2633,36451
2634,36457
2635,36467
2636,36469
2637,36473
2638,36479
2639,36493
2640,36497
2641,36523
2642,36527
2643,36529
2644,36541
2645,36551
2646,36559
2647,36563
2648,36571
2649,36583
2650,36587
2651,36599
2652,36607
2653,36629
2654,36637
2655,36643
2656,36653
2657,36671
2658,36677
2659,36683
2660,36691
2661,36697
2662,36709
2663,36713
2664,36721
2665,36739
2666,36749
2667,36761
2668,36767
2669,36779
2670,36781
2671,36787
2672,36791
2673,36793
2674,36809
2675,36821
2676,36833
2677,36847
2678,36857
2679,36871
2680,36877
2681,36887
2682,36899
2683,36901
2684,36913
2685,36919
2686,36923
2687,36929
2688,36931
2689,36943
2690,36947
2691,36973
2692,36979
2693,36997
2694,37003
2695,37013
2696,37019
2697,37021
2698,37039
2699,37049
2700,37057
2701,37061
2702,37087
2703,37097
2704,37117
2705,37123
2706,37139
2707,37159
2708,37171
2709,37181
2710,37189
2711,37199
2712,37201
2713,37217
2714,37223
2715,37243
2716,37253
2717,37273
2718,37277
2719,37307
2720,37309
2721,37313
2722,37321
2723,37337
2724,37339
2725,37357
2726,37361
2727,37363
2728,37369
2729,37379
2730,37397
2731,37409
2732,37423
2733,37441
2734,37447
2735,37463
2736,37483
2737,37489
2738,37493
2739,37501
2740,37507
2741,37511
2742,37517
2743,37529
2744,37537
2745,37547
2746,37549
2747,37561
2748,37567
2749,37571
2750,37573
2751,37579
2752,37589
2753,37591
2754,37607
2755,37619
2756,37633
2757,37643
2758,37649
2759,37657
2760,37663
2761,37691
2762,37693
2763,37699
2764,37717
2765,37747
2766,37781
2767,37783
2768,37799
2769,37811
2770,37813
2771,37831
2772,37847
2773,37853
2774,37861
2775,37871
2776,37879
2777,37889
2778,37897
2779,37907
2780,37951
2781,37957
2782,37963
2783,37967
2784,37987
2785,37991
2786,37993
2787,37997
2788,38011
2789,38039
2790,38047
2791,38053
2792,38069
2793,38083
2794,38113
2795,38119
2796,38149
2797,38153
2798,38167
2799,38177
2800,38183
2801,38189
2802,38197
2803,38201
2804,38219
2805,38231
2806,38237
2807,38239
2808,38261
2809,38273
2810,38281
2811,38287
2812,38299
2813,38303
2814,38317
2815,38321
2816,38327
2817,38329
2818,38333
2819,38351
2820,38371
2821,38377
2822,38393
2823,38431
2824,38447
2825,38449
2826,38453
2827,38459
2828,38461
2829,38501
2830,38543
2831,38557
2832,38561
2833,38567
2834,38569
2835,38593
2836,38603
2837,38609
2838,38611
2839,38629
2840,38639
2841,38651
2842,38653
2843,38669
2844,38671
2845,38677
2846,38693
2847,38699
2848,38707
2849,38711
2850,38713
2851,38723
2852,38729
2853,38737
2854,38747
2855,38749
2856,38767
2857,38783
2858,38791
2859,38803
2860,38821
2861,38833
2862,38839
2863,38851
2864,38861
2865,38867
2866,38873
2867,38891
2868,38903
2869,38917
2870,38921
2871,38923
2872,38933
2873,38953
2874,38959
2875,38971
2876,38977
2877,38993
2878,39019
2879,39023
2880,39041
2881,39043
2882,39047
2883,39079
2884,39089
2885,39097
2886,39103
2887,39107
2888,39113
2889,39119
2890,39133
2891,39139
2892,39157
2893,39161
2894,39163
2895,39181
2896,39191
2897,39199
2898,39209
2899,39217
2900,39227
2901,39229
2902,39233
2903,39239
2904,39241
2905,39251
2906,39293
2907,39301
2908,39313
2909,39317
2910,39323
2911,39341
2912,39343
2913,39359
2914,39367
2915,39371
2916,39373
2917,39383
2918,39397
2919,39409
2920,39419
2921,39439
2922,39443
2923,39451
2924,39461
2925,39499
2926,39503
2927,39509
2928,39511
2929,39521
2930,39541
2931,39551
2932,39563
2933,39569
2934,39581
2935,39607
2936,39619
2937,39623
2938,39631
2939,39659
2940,39667
2941,39671
2942,39679
2943,39703
2944,39709
2945,39719
2946,39727
2947,39733
2948,39749
2949,39761
2950,39769
2951,39779
2952,39791
2953,39799
2954,39821
2955,39827
2956,39829
2957,39839
2958,39841
2959,39847
2960,39857
2961,39863
2962,39869
2963,39877
2964,39883
2965,39887
2966,39901
2967,39929
2968,39937
2969,39953
2970,39971
2971,39979
2972,39983
2973,39989
2974,40009
2975,40013
2976,40031
2977,40037
2978,40039
2979,40063
2980,40087
2981,40093
2982,40099
2983,40111
2984,40123
2985,40127
2986,40129
2987,40151
2988,40153
2989,40163
2990,40169
2991,40177
2992,40189
2993,40193
2994,40213
2995,40231
2996,40237
2997,40241
2998,40253
2999,40277
3000,40283
3001,40289
3002,40343
3003,40351
3004,40357
3005,40361
3006,40387
3007,40423
3008,40427
3009,40429
3010,40433
3011,40459
3012,40471
3013,40483
3014,40487
3015,40493
3016,40499
3017,40507
3018,40519
3019,40529
3020,40531
3021,40543
3022,40559
3023,40577
3024,40583
3025,40591
3026,40597
3027,40609
3028,40627
3029,40637
3030,40639
3031,40693
3032,40697
3033,40699
3034,40709
3035,40739
3036,40751
3037,40759
3038,40763
3039,40771
3040,40787
3041,40801
3042,40813
3043,40819
3044,40823
3045,40829
3046,40841
3047,40847
3048,40849
3049,40853
3050,40867
3051,40879
3052,40883
3053,40897
3054,40903
3055,40927
3056,40933
3057,40939
3058,40949
3059,40961
3060,40973
3061,40993
3062,41011
3063,41017
3064,41023
3065,41039
3066,41047
3067,41051
3068,41057
3069,41077
3070,41081
3071,41113
3072,41117
3073,41131
3074,41141
3075,41143
3076,41149
3077,41161
3078,41177
3079,41179
3080,41183
3081,41189
3082,41201
3083,41203
3084,41213
3085,41221
3086,41227
3087,41231
3088,41233
3089,41243
3090,41257
3091,41263
3092,41269
3093,41281
3094,41299
3095,41333
3096,41341
3097,41351
3098,41357
3099,41381
3100,41387
3101,41389
3102,41399
3103,41411
3104,41413
3105,41443
3106,41453
3107,41467
3108,41479
3109,41491
3110,41507
3111,41513
3112,41519
3113,41521
3114,41539
3115,41543
3116,41549
3117,41579
3118,41593
3119,41597
3120,41603
3121,41609
3122,41611
3123,41617
3124,41621
3125,41627
3126,41641
3127,41647
3128,41651
3129,41659
3130,41669
3131,41681
3132,41687
3133,41719
3134,41729
3135,41737
3136,41759
3137,41761
3138,41771
3139,41777
3140,41801
3141,41809
3142,41813
3143,41843
3144,41849
3145,41851
3146,41863
3147,41879
3148,41887
3149,41893
3150,41897
3151,41903
3152,41911
3153,41927
3154,41941
3155,41947
3156,41953
3157,41957
3158,41959
3159,41969
3160,41981
3161,41983
3162,41999
3163,42013
3164,42017
3165,42019
3166,42023
3167,42043
3168,42061
3169,42071
3170,42073
3171,42083
3172,42089
3173,42101
3174,42131
3175,42139
3176,42157
3177,42169
3178,42179
3179,42181
3180,42187
3181,42193
3182,42197
3183,42209
3184,42221
3185,42223
3186,42227
3187,42239
3188,42257
3189,42281
3190,42283
3191,42293
3192,42299
3193,42307
3194,42323
3195,42331
3196,42337
3197,42349
3198,42359
3199,42373
3200,42379
3201,42391
3202,42397
3203,42403
3204,42407
3205,42409
3206,42433
3207,42437
3208,42443
3209,42451
3210,42457
3211,42461
3212,42463
3213,42467
3214,42473
3215,42487
3216,42491
3217,42499
3218,42509
3219,42533
3220,42557
3221,42569
3222,42571
3223,42577
3224,42589
3225,42611
3226,42641
3227,42643
3228,42649
3229,42667
3230,42677
3231,42683
3232,42689
3233,42697
3234,42701
3235,42703
3236,42709
3237,42719
3238,42727
3239,42737
3240,42743
3241,42751
3242,42767
3243,42773
3244,42787
3245,42793
3246,42797
3247,42821
3248,42829
3249,42839
3250,42841
3251,42853
3252,42859
3253,42863
3254,42899
3255,42901
3256,42923
3257,42929
3258,42937
3259,42943
3260,42953
3261,42961
3262,42967
3263,42979
3264,42989
3265,43003
3266,43013
3267,43019
3268,43037
3269,43049
3270,43051
3271,43063
3272,43067
3273,43093
3274,43103
3275,43117
3276,43133
3277,43151
3278,43159
3279,43177
3280,43189
3281,43201
3282,43207
3283,43223
3284,43237
3285,43261
3286,43271
3287,43283
3288,43291
3289,43313
3290,43319
3291,43321
3292,43331
3293,43391
3294,43397
3295,43399
3296,43403
3297,43411
3298,43427
3299,43441
3300,43451
3301,43457
3302,43481
3303,43487
3304,43499
3305,43517
3306,43541
3307,43543
3308,43573
3309,43577
3310,43579
3311,43591
3312,43597
3313,43607
3314,43609
3315,43613
3316,43627
3317,43633
3318,43649
3319,43651
3320,43661
3321,43669
3322,43691
3323,43711
3324,43717
3325,43721
3326,43753
3327,43759
3328,43777
3329,43781
3330,43783
3331,43787
3332,43789
3333,43793
3334,43801
3335,43853
3336,43867
3337,43889
3338,43891
3339,43913
3340,43933
3341,43943
3342,43951
3343,43961
3344,43963
3345,43969
3346,43973
3347,43987
3348,43991
3349,43997
3350,44017
3351,44021
3352,44027
3353,44029
3354,44041
3355,44053
3356,44059
3357,44071
3358,44087
3359,44089
3360,44101
3361,44111
3362,44119
3363,44123
3364,44129
3365,44131
3366,44159
3367,44171
3368,44179
3369,44189
3370,44201
3371,44203
3372,44207
3373,44221
3374,44249
3375,44257
3376,44263
3377,44267
3378,44269
3379,44273
3380,44279
3381,44281
3382,44293
3383,44351
3384,44357
3385,44371
3386,44381
3387,44383
3388,44389
3389,44417
3390,44449
3391,44453
3392,44483
3393,44491
3394,44497
3395,44501
3396,44507
3397,44519
3398,44531
3399,44533
3400,44537
3401,44543
3402,44549
3403,44563
3404,44579
3405,44587
3406,44617
3407,44621
3408,44623
3409,44633
3410,44641
3411,44647
3412,44651
3413,44657
3414,44683
3415,44687
3416,44699
3417,44701
3418,44711
3419,44729
3420,44741
3421,44753
3422,44771
3423,44773
3424,44777
3425,44789
3426,44797
3427,44809
3428,44819
3429,44839
3430,44843
3431,44851
3432,44867
3433,44879
3434,44887
3435,44893
3436,44909
3437,44917
3438,44927
3439,44939
3440,44953
3441,44959
3442,44963
3443,44971
3444,44983
3445,44987
3446,45007
3447,45013
3448,45053
3449,45061
3450,45077
3451,45083
3452,45119
3453,45121
3454,45127
3455,45131
3456,45137
3457,45139
3458,45161
3459,45179
3460,45181
3461,45191
3462,45197
3463,45233
3464,45247
3465,45259
3466,45263
3467,45281
3468,45289
3469,45293
3470,45307
3471,45317
3472,45319
3473,45329
3474,45337
3475,45341
3476,45343
3477,45361
3478,45377
3479,45389
3480,45403
3481,45413
3482,45427
3483,45433
3484,45439
3485,45481
3486,45491
3487,45497
3488,45503
3489,45523
3490,45533
3491,45541
3492,45553
3493,45557
3494,45569
3495,45587
3496,45589
3497,45599
3498,45613
3499,45631
3500,45641
3501,45659
3502,45667
3503,45673
3504,45677
3505,45691
3506,45697
3507,45707
3508,45737
3509,45751
3510,45757
3511,45763
3512,45767
3513,45779
3514,45817
3515,45821
3516,45823
3517,45827
3518,45833
3519,45841
3520,45853
3521,45863
3522,45869
3523,45887
3524,45893
3525,45943
3526,45949
3527,45953
3528,45959
3529,45971
3530,45979
3531,45989
3532,46021
3533,46027
3534,46049
3535,46051
3536,46061
3537,46073
3538,46091
3539,46093
3540,46099
3541,46103
3542,46133
3543,46141
3544,46147
3545,46153
3546,46171
3547,46181
3548,46183
3549,46187
3550,46199
3551,46219
3552,46229
3553,46237
3554,46261
3555,46271
3556,46273
3557,46279
3558,46301
3559,46307
3560,46309
3561,46327
3562,46337
3563,46349
3564,46351
3565,46381
3566,46399
3567,46411
3568,46439
3569,46441
3570,46447
3571,46451
3572,46457
3573,46471
3574,46477
3575,46489
3576,46499
3577,46507
3578,46511
3579,46523
3580,46549
3581,46559
3582,46567
3583,46573
3584,46589
3585,46591
3586,46601
3587,46619
3588,46633
3589,46639
3590,46643
3591,46649
3592,46663
3593,46679
3594,46681
3595,46687
3596,46691
3597,46703
3598,46723
3599,46727
3600,46747
3601,46751
3602,46757
3603,46769
3604,46771
3605,46807
3606,46811
3607,46817
3608,46819
3609,46829
3610,46831
3611,46853
3612,46861
3613,46867
3614,46877
3615,46889
3616,46901
3617,46919
3618,46933
3619,46957
3620,46993
3621,46997
3622,47017
3623,47041
3624,47051
3625,47057
3626,47059
3627,47087
3628,47093
3629,47111
3630,47119
3631,47123
3632,47129
3633,47137
3634,47143
3635,47147
3636,47149
3637,47161
3638,47189
3639,47207
3640,47221
3641,47237
3642,47251
3643,47269
3644,47279
3645,47287
3646,47293
3647,47297
3648,47303
3649,47309
3650,47317
3651,47339
3652,47351
3653,47353
3654,47363
3655,47381
3656,47387
3657,47389
3658,47407
3659,47417
3660,47419
3661,47431
3662,47441
3663,47459
3664,47491
3665,47497
3666,47501
3667,47507
3668,47513
3669,47521
3670,47527
3671,47533
3672,47543
3673,47563
3674,47569
3675,47581
3676,47591
3677,47599
3678,47609
3679,47623
3680,47629
3681,47639
3682,47653
3683,47657
3684,47659
3685,47681
3686,47699
3687,47701
3688,47711
3689,47713
3690,47717
3691,47737
3692,47741
3693,47743
3694,47777
3695,47779
3696,47791
3697,47797
3698,47807
3699,47809
3700,47819
3701,47837
3702,47843
3703,47857
3704,47869
3705,47881
3706,47903
3707,47911
3708,47917
3709,47933
3710,47939
3711,47947
3712,47951
3713,47963
3714,47969
3715,47977
3716,47981
3717,48017
3718,48023
3719,48029
3720,48049
3721,48073
3722,48079
3723,48091
3724,48109
3725,48119
3726,48121
3727,48131
3728,48157
3729,48163
3730,48179
3731,48187
3732,48193
3733,48197
3734,48221
3735,48239
3736,48247
3737,48259
3738,48271
3739,48281
3740,48299
3741,48311
3742,48313
3743,48337
3744,48341
3745,48353
3746,48371
3747,48383
3748,48397
3749,48407
3750,48409
3751,48413
3752,48437
3753,48449
3754,48463
3755,48473
3756,48479
3757,48481
3758,48487
3759,48491
3760,48497
3761,48523
3762,48527
3763,48533
3764,48539
3765,48541
3766,48563
3767,48571
3768,48589
3769,48593
3770,48611
3771,48619
3772,48623
3773,48647
3774,48649
3775,48661
3776,48673
3777,48677
3778,48679
3779,48731
3780,48733
3781,48751
3782,48757
3783,48761
3784,48767
3785,48779
3786,48781
3787,48787
3788,48799
3789,48809
3790,48817
3791,48821
3792,48823
3793,48847
3794,48857
3795,48859
3796,48869
3797,48871
3798,48883
3799,48889
3800,48907
3801,48947
3802,48953
3803,48973
3804,48989
3805,48991
3806,49003
3807,49009
3808,49019
3809,49031
3810,49033
3811,49037
3812,49043
3813,49057
3814,49069
3815,49081
3816,49103
3817,49109
3818,49117
3819,49121
3820,49123
3821,49139
3822,49157
3823,49169
3824,49171
3825,49177
3826,49193
3827,49199
3828,49201
3829,49207
3830,49211
3831,49223
3832,49253
3833,49261
3834,49277
3835,49279
3836,49297
3837,49307
3838,49331
3839,49333
3840,49339
3841,49363
3842,49367
3843,49369
3844,49391
3845,49393
3846,49409
3847,49411
3848,49417
3849,49429
3850,49433
3851,49451
3852,49459
3853,49463
3854,49477
3855,49481
3856,49499
3857,49523
3858,49529
3859,49531
3860,49537
3861,49547
3862,49549
3863,49559
3864,49597
3865,49603
3866,49613
3867,49627
3868,49633
3869,49639
3870,49663
3871,49667
3872,49669
3873,49681
3874,49697
3875,49711
3876,49727
3877,49739
3878,49741
3879,49747
3880,49757
3881,49783
3882,49787
3883,49789
3884,49801
3885,49807
3886,49811
3887,49823
3888,49831
3889,49843
3890,49853
3891,49871
3892,49877
3893,49891
3894,49919
3895,49921
3896,49927
3897,49937
3898,49939
3899,49943
3900,49957
3901,49991
3902,49993
3903,49999
3904,50021
3905,50023
3906,50033
3907,50047
3908,50051
3909,50053
3910,50069
3911,50077
3912,50087
3913,50093
3914,50101
3915,50111
3916,50119
3917,50123
3918,50129
3919,50131
3920,50147
3921,50153
3922,50159
3923,50177
3924,50207
3925,50221
3926,50227
3927,50231
3928,50261
3929,50263
3930,50273
3931,50287
3932,50291
3933,50311
3934,50321
3935,50329
3936,50333
3937,50341
3938,50359
3939,50363
3940,50377
3941,50383
3942,50387
3943,50411
3944,50417
3945,50423
3946,50441
3947,50459
3948,50461
3949,50497
3950,50503
3951,50513
3952,50527
3953,50539
3954,50543
3955,50549
3956,50551
3957,50581
3958,50587
3959,50591
3960,50593
3961,50599
3962,50627
3963,50647
3964,50651
3965,50671
3966,50683
3967,50707
3968,50723
3969,50741
3970,50753
3971,50767
3972,50773
3973,50777
3974,50789
3975,50821
3976,50833
3977,50839
3978,50849
3979,50857
3980,50867
3981,50873
3982,50891
3983,50893
3984,50909
3985,50923
3986,50929
3987,50951
3988,50957
3989,50969
3990,50971
3991,50989
3992,50993
3993,51001
3994,51031
3995,51043
3996,51047
3997,51059
3998,51061
3999,51071
4000,51109
4001,51131
4002,51133
4003,51137
4004,51151
4005,51157
4006,51169
4007,51193
4008,51197
4009,51199
4010,51203
4011,51217
4012,51229
4013,51239
4014,51241
4015,51257
4016,51263
4017,51283
4018,51287
4019,51307
4020,51329
4021,51341
4022,51343
4023,51347
4024,51349
4025,51361
4026,51383
4027,51407
4028,51413
4029,51419
4030,51421
4031,51427
4032,51431
4033,51437
4034,51439
4035,51449
4036,51461
4037,51473
4038,51479
4039,51481
4040,51487
4041,51503
4042,51511
4043,51517
4044,51521
4045,51539
4046,51551
4047,51563
4048,51577
4049,51581
4050,51593
4051,51599
4052,51607
4053,51613
4054,51631
4055,51637
4056,51647
4057,51659
4058,51673
4059,51679
4060,51683
4061,51691
4062,51713
4063,51719
4064,51721
4065,51749
4066,51767
4067,51769
4068,51787
4069,51797
4070,51803
4071,51817
4072,51827
4073,51829
4074,51839
4075,51853
4076,51859
4077,51869
4078,51871
4079,51893
4080,51899
4081,51907
4082,51913
4083,51929
4084,51941
4085,51949
4086,51971
4087,51973
4088,51977
4089,51991
4090,52009
4091,52021
4092,52027
4093,52051
4094,52057
4095,52067
4096,52069
4097,52081
4098,52103
4099,52121
4100,52127
4101,52147
4102,52153
4103,52163
4104,52177
4105,52181
4106,52183
4107,52189
4108,52201
4109,52223
4110,52237
4111,52249
4112,52253
4113,52259
4114,52267
4115,52289
4116,52291
4117,52301
4118,52313
4119,52321
4120,52361
4121,52363
4122,52369
4123,52379
4124,52387
4125,52391
4126,52433
4127,52453
4128,52457
4129,52489
4130,52501
4131,52511
4132,52517
4133,52529
4134,52541
4135,52543
4136,52553
4137,52561
4138,52567
4139,52571
4140,52579
4141,52583
4142,52609
4143,52627
4144,52631
4145,52639
4146,52667
4147,52673
4148,52691
4149,52697
4150,52709
4151,52711
4152,52721
4153,52727
4154,52733
4155,52747
4156,52757
4157,52769
4158,52783
4159,52807
4160,52813
4161,52817
4162,52837
4163,52859
4164,52861
4165,52879
4166,52883
4167,52889
4168,52901
4169,52903
4170,52919
4171,52937
4172,52951
4173,52957
4174,52963
4175,52967
4176,52973
4177,52981
4178,52999
4179,53003
4180,53017
4181,53047
4182,53051
4183,53069
4184,53077
4185,53087
4186,53089
4187,53093
4188,53101
4189,53113
4190,53117
4191,53129
4192,53147
4193,53149
4194,53161
4195,53171
4196,53173
4197,53189
4198,53197
4199,53201
4200,53231
4201,53233
4202,53239
4203,53267
4204,53269
4205,53279
4206,53281
4207,53299
4208,53309
4209,53323
4210,53327
4211,53353
4212,53359
4213,53377
4214,53381
4215,53401
4216,53407
4217,53411
4218,53419
4219,53437
4220,53441
4221,53453
4222,53479
4223,53503
4224,53507
4225,53527
4226,53549
4227,53551
4228,53569
4229,53591
4230,53593
4231,53597
4232,53609
4233,53611
4234,53617
4235,53623
4236,53629
4237,53633
4238,53639
4239,53653
4240,53657
4241,53681
4242,53693
4243,53699
4244,53717
4245,53719
4246,53731
4247,53759
4248,53773
4249,53777
4250,53783
4251,53791
4252,53813
4253,53819
4254,53831
4255,53849
4256,53857
4257,53861
4258,53881
4259,53887
4260,53891
4261,53897
4262,53899
4263,53917
4264,53923
4265,53927
4266,53939
4267,53951
4268,53959
4269,53987
4270,53993
4271,54001
4272,54011
4273,54013
4274,54037
4275,54049
4276,54059
4277,54083
4278,54091
4279,54101
4280,54121
4281,54133
4282,54139
4283,54151
4284,54163
4285,54167
4286,54181
4287,54193
4288,54217
4289,54251
4290,54269
4291,54277
4292,54287
4293,54293
4294,54311
4295,54319
4296,54323
4297,54331
4298,54347
4299,54361
4300,54367
4301,54371
4302,54377
4303,54401
4304,54403
4305,54409
4306,54413
4307,54419
4308,54421
4309,54437
4310,54443
4311,54449
4312,54469
4313,54493
4314,54497
4315,54499
4316,54503
4317,54517
4318,54521
4319,54539
4320,54541
4321,54547
4322,54559
4323,54563
4324,54577
4325,54581
4326,54583
4327,54601
4328,54617
4329,54623
4330,54629
4331,54631
4332,54647
4333,54667
4334,54673
4335,54679
4336,54709
4337,54713
4338,54721
4339,54727
4340,54751
4341,54767
4342,54773
4343,54779
4344,54787
4345,54799
4346,54829
4347,54833
4348,54851
4349,54869
4350,54877
4351,54881
4352,54907
4353,54917
4354,54919
4355,54941
4356,54949
4357,54959
4358,54973
4359,54979
4360,54983
4361,55001
4362,55009
4363,55021
4364,55049
4365,55051
4366,55057
4367,55061
4368,55073
4369,55079
4370,55103
4371,55109
4372,55117
4373,55127
4374,55147
4375,55163
4376,55171
4377,55201
4378,55207
4379,55213
4380,55217
4381,55219
4382,55229
4383,55243
4384,55249
4385,55259
4386,55291
4387,55313
4388,55331
4389,55333
4390,55337
4391,55339
4392,55343
4393,55351
4394,55373
4395,55381
4396,55399
4397,55411
4398,55439
4399,55441
4400,55457
4401,55469
4402,55487
4403,55501
4404,55511
4405,55529
4406,55541
4407,55547
4408,55579
4409,55589
4410,55603
4411,55609
4412,55619
4413,55621
4414,55631
4415,55633
4416,55639
4417,55661
4418,55663
4419,55667
4420,55673
4421,55681
4422,55691
4423,55697
4424,55711
4425,55717
4426,55721
4427,55733
4428,55763
4429,55787
4430,55793
4431,55799
4432,55807
4433,55813
4434,55817
4435,55819
4436,55823
4437,55829
4438,55837
4439,55843
4440,55849
4441,55871
4442,55889
4443,55897
4444,55901
4445,55903
4446,55921
4447,55927
4448,55931
4449,55933
4450,55949
4451,55967
4452,55987
4453,55997
4454,56003
4455,56009
4456,56039
4457,56041
4458,56053
4459,56081
4460,56087
4461,56093
4462,56099
4463,56101
4464,56113
4465,56123
4466,56131
4467,56149
4468,56167
4469,56171
4470,56179
4471,56197
4472,56207
4473,56209
4474,56237
4475,56239
4476,56249
4477,56263
4478,56267
4479,56269
4480,56299
4481,56311
4482,56333
4483,56359
4484,56369
4485,56377
4486,56383
4487,56393
4488,56401
4489,56417
4490,56431
4491,56437
4492,56443
4493,56453
4494,56467
4495,56473
4496,56477
4497,56479
4498,56489
4499,56501
4500,56503
4501,56509
4502,56519
4503,56527
4504,56531
4505,56533
4506,56543
4507,56569
4508,56591
4509,56597
4510,56599
4511,56611
4512,56629
4513,56633
4514,56659
4515,56663
4516,56671
4517,56681
4518,56687
4519,56701
4520,56711
4521,56713
4522,56731
4523,56737
4524,56747
4525,56767
4526,56773
4527,56779
4528,56783
4529,56807
4530,56809
4531,56813
4532,56821
4533,56827
4534,56843
4535,56857
4536,56873
4537,56891
4538,56893
4539,56897
4540,56909
4541,56911
4542,56921
4543,56923
4544,56929
4545,56941
4546,56951
4547,56957
4548,56963
4549,56983
4550,56989
4551,56993
4552,56999
4553,57037
4554,57041
4555,57047
4556,57059
4557,57073
4558,57077
4559,57089
4560,57097
4561,57107
4562,57119
4563,57131
4564,57139
4565,57143
4566,57149
4567,57163
4568,57173
4569,57179
4570,57191
4571,57193
4572,57203
4573,57221
4574,57223
4575,57241
4576,57251
4577,57259
4578,57269
4579,57271
4580,57283
4581,57287
4582,57301
4583,57329
4584,57331
4585,57347
4586,57349
4587,57367
4588,57373
4589,57383
4590,57389
4591,57397
4592,57413
4593,57427
4594,57457
4595,57467
4596,57487
4597,57493
4598,57503
4599,57527
4600,57529
4601,57557
4602,57559
4603,57571
4604,57587
4605,57593
4606,57601
4607,57637
4608,57641
4609,57649
4610,57653
4611,57667
4612,57679
4613,57689
4614,57697
4615,57709
4616,57713
4617,57719
4618,57727
4619,57731
4620,57737
4621,57751
4622,57773
4623,57781
4624,57787
4625,57791
4626,57793
4627,57803
4628,57809
4629,57829
4630,57839
4631,57847
4632,57853
4633,57859
4634,57881
4635,57899
4636,57901
4637,57917
4638,57923
4639,57943
4640,57947
4641,57973
4642,57977
4643,57991
4644,58013
4645,58027
4646,58031
4647,58043
4648,58049
4649,58057
4650,58061
4651,58067
4652,58073
4653,58099
4654,58109
4655,58111
4656,58129
4657,58147
4658,58151
4659,58153
4660,58169
4661,58171
4662,58189
4663,58193
4664,58199
4665,58207
4666,58211
4667,58217
4668,58229
4669,58231
4670,58237
4671,58243
4672,58271
4673,58309
4674,58313
4675,58321
4676,58337
4677,58363
4678,58367
4679,58369
4680,58379
4681,58391
4682,58393
4683,58403
4684,58411
4685,58417
4686,58427
4687,58439
4688,58441
4689,58451
4690,58453
4691,58477
4692,58481
4693,58511
4694,58537
4695,58543
4696,58549
4697,58567
4698,58573
4699,58579
4700,58601
4701,58603
4702,58613
4703,58631
4704,58657
4705,58661
4706,58679
4707,58687
4708,58693
4709,58699
4710,58711
4711,58727
4712,58733
4713,58741
4714,58757
4715,58763
4716,58771
4717,58787
4718,58789
4719,58831
4720,58889
4721,58897
4722,58901
4723,58907
4724,58909
4725,58913
4726,58921
4727,58937
4728,58943
4729,58963
4730,58967
4731,58979
4732,58991
4733,58997
4734,59009
4735,59011
4736,59021
4737,59023
4738,59029
4739,59051
4740,59053
4741,59063
4742,59069
4743,59077
4744,59083
4745,59093
4746,59107
4747,59113
4748,59119
4749,59123
4750,59141
4751,59149
4752,59159
4753,59167
4754,59183
4755,59197
4756,59207
4757,59209
4758,59219
4759,59221
4760,59233
4761,59239
4762,59243
4763,59263
4764,59273
4765,59281
4766,59333
4767,59341
4768,59351
4769,59357
4770,59359
4771,59369
4772,59377
4773,59387
4774,59393
4775,59399
4776,59407
4777,59417
4778,59419
4779,59441
4780,59443
4781,59447
4782,59453
4783,59467
4784,59471
4785,59473
4786,59497
4787,59509
4788,59513
4789,59539
4790,59557
4791,59561
4792,59567
4793,59581
4794,59611
4795,59617
4796,59621
4797,59627
4798,59629
4799,59651
4800,59659
4801,59663
4802,59669
4803,59671
4804,59693
4805,59699
4806,59707
4807,59723
4808,59729
4809,59743
4810,59747
4811,59753
4812,59771
4813,59779
4814,59791
4815,59797
4816,59809
4817,59833
4818,59863
4819,59879
4820,59887
4821,59921
4822,59929
4823,59951
4824,59957
4825,59971
4826,59981
4827,59999
4828,60013
4829,60017
4830,60029
4831,60037
4832,60041
4833,60077
4834,60083
4835,60089
4836,60091
4837,60101
4838,60103
4839,60107
4840,60127
4841,60133
4842,60139
4843,60149
4844,60161
4845,60167
4846,60169
4847,60209
4848,60217
4849,60223
4850,60251
4851,60257
4852,60259
4853,60271
4854,60289
4855,60293
4856,60317
4857,60331
4858,60337
4859,60343
4860,60353
4861,60373
4862,60383
4863,60397
4864,60413
4865,60427
4866,60443
4867,60449
4868,60457
4869,60493
4870,60497
4871,60509
4872,60521
4873,60527
4874,60539
4875,60589
4876,60601
4877,60607
4878,60611
4879,60617
4880,60623
4881,60631
4882,60637
4883,60647
4884,60649
4885,60659
4886,60661
4887,60679
4888,60689
4889,60703
4890,60719
4891,60727
4892,60733
4893,60737
4894,60757
4895,60761
4896,60763
4897,60773
4898,60779
4899,60793
4900,60811
4901,60821
4902,60859
4903,60869
4904,60887
4905,60889
4906,60899
4907,60901
4908,60913
4909,60917
4910,60919
4911,60923
4912,60937
4913,60943
4914,60953
4915,60961
4916,61001
4917,61007
4918,61027
4919,61031
4920,61043
4921,61051
4922,61057
4923,61091
4924,61099
4925,61121
4926,61129
4927,61141
4928,61151
4929,61153
4930,61169
4931,61211
4932,61223
4933,61231
4934,61253
4935,61261
4936,61283
4937,61291
4938,61297
4939,61331
4940,61333
4941,61339
4942,61343
4943,61357
4944,61363
4945,61379
4946,61381
4947,61403
4948,61409
4949,61417
4950,61441
4951,61463
4952,61469
4953,61471
4954,61483
4955,61487
4956,61493
4957,61507
4958,61511
4959,61519
4960,61543
4961,61547
4962,61553
4963,61559
4964,61561
4965,61583
4966,61603
4967,61609
4968,61613
4969,61627
4970,61631
4971,61637
4972,61643
4973,61651
4974,61657
4975,61667
4976,61673
4977,61681
4978,61687
4979,61703
4980,61717
4981,61723
4982,61729
4983,61751
4984,61757
4985,61781
4986,61813
4987,61819
4988,61837
4989,61843
4990,61861
4991,61871
4992,61879
4993,61909
4994,61927
4995,61933
4996,61949
4997,61961
4998,61967
4999,61979
5000,61981
5001,61987
5002,61991
5003,62003
5004,62011
5005,62017
5006,62039
5007,62047
5008,62053
5009,62057
5010,62071
5011,62081
5012,62099
5013,62119
5014,62129
5015,62131
5016,62137
5017,62141
5018,62143
5019,62171
5020,62189
5021,62191
5022,62201
5023,62207
5024,62213
5025,62219
5026,62233
5027,62273
5028,62297
5029,62299
5030,62303
5031,62311
5032,62323
5033,62327
5034,62347
5035,62351
5036,62383
5037,62401
5038,62417
5039,62423
5040,62459
5041,62467
5042,62473
5043,62477
5044,62483
5045,62497
5046,62501
5047,62507
5048,62533
5049,62539
5050,62549
5051,62563
5052,62581
5053,62591
5054,62597
5055,62603
5056,62617
5057,62627
5058,62633
5059,62639
5060,62653
5061,62659
5062,62683
5063,62687
5064,62701
5065,62723
5066,62731
5067,62743
5068,62753
5069,62761
5070,62773
5071,62791
5072,62801
5073,62819
5074,62827
5075,62851
5076,62861
5077,62869
5078,62873
5079,62897
5080,62903
5081,62921
5082,62927
5083,62929
5084,62939
5085,62969
5086,62971
5087,62981
5088,62983
5089,62987
5090,62989
5091,63029
5092,63031
5093,63059
5094,63067
5095,63073
5096,63079
5097,63097
5098,63103
5099,63113
5100,63127
5101,63131
5102,63149
5103,63179
5104,63197
5105,63199
5106,63211
5107,63241
5108,63247
5109,63277
5110,63281
5111,63299
5112,63311
5113,63313
5114,63317
5115,63331
5116,63337
5117,63347
5118,63353
5119,63361
5120,63367
5121,63377
5122,63389
5123,63391
5124,63397
5125,63409
5126,63419
5127,63421
5128,63439
5129,63443
5130,63463
5131,63467
5132,63473
5133,63487
5134,63493
5135,63499
5136,63521
5137,63527
5138,63533
5139,63541
5140,63559
5141,63577
5142,63587
5143,63589
5144,63599
5145,63601
5146,63607
5147,63611
5148,63617
5149,63629
5150,63647
5151,63649
5152,63659
5153,63667
5154,63671
5155,63689
5156,63691
5157,63697
5158,63703
5159,63709
5160,63719
5161,63727
5162,63737
5163,63743
5164,63761
5165,63773
5166,63781
5167,63793
5168,63799
5169,63803
5170,63809
5171,63823
5172,63839
5173,63841
5174,63853
5175,63857
5176,63863
5177,63901
5178,63907
5179,63913
5180,63929
5181,63949
5182,63977
5183,63997
5184,64007
5185,64013
5186,64019
5187,64033
5188,64037
5189,64063
5190,64067
5191,64081
5192,64091
5193,64109
5194,64123
5195,64151
5196,64153
5197,64157
5198,64171
5199,64187
5200,64189
5201,64217
5202,64223
5203,64231
5204,64237
5205,64271
5206,64279
5207,64283
5208,64301
5209,64303
5210,64319
5211,64327
5212,64333
5213,64373
5214,64381
5215,64399
5216,64403
5217,64433
5218,64439
5219,64451
5220,64453
5221,64483
5222,64489
5223,64499
5224,64513
5225,64553
5226,64567
5227,64577
5228,64579
5229,64591
5230,64601
5231,64609
5232,64613
5233,64621
5234,64627
5235,64633
5236,64661
5237,64663
5238,64667
5239,64679
5240,64693
5241,64709
5242,64717
5243,64747
5244,64763
5245,64781
5246,64783
5247,64793
5248,64811
5249,64817
5250,64849
5251,64853
5252,64871
5253,64877
5254,64879
5255,64891
5256,64901
5257,64919
5258,64921
5259,64927
5260,64937
5261,64951
5262,64969
5263,64997
5264,65003
5265,65011
5266,65027
5267,65029
5268,65033
5269,65053
5270,65063
5271,65071
5272,65089
5273,65099
5274,65101
5275,65111
5276,65119
5277,65123
5278,65129
5279,65141
5280,65147
5281,65167
5282,65171
5283,65173
5284,65179
5285,65183
5286,65203
5287,65213
5288,65239
5289,65257
5290,65267
5291,65269
5292,65287
5293,65293
5294,65309
5295,65323
5296,65327
5297,65353
5298,65357
5299,65371
5300,65381
5301,65393
5302,65407
5303,65413
5304,65419
5305,65423
5306,65437
5307,65447
5308,65449
5309,65479
5310,65497
5311,65519
5312,65521
5313,65537
5314,65539
5315,65543
5316,65551
5317,65557
5318,65563
5319,65579
5320,65581
5321,65587
5322,65599
5323,65609
5324,65617
5325,65629
5326,65633
5327,65647
5328,65651
5329,65657
5330,65677
5331,65687
5332,65699
5333,65701
5334,65707
5335,65713
5336,65717
5337,65719
5338,65729
5339,65731
5340,65761
5341,65777
5342,65789
5343,65809
5344,65827
5345,65831
5346,65837
5347,65839
5348,65843
5349,65851
5350,65867
5351,65881
5352,65899
5353,65921
5354,65927
5355,65929
5356,65951
5357,65957
5358,65963
5359,65981
5360,65983
5361,65993
5362,66029
5363,66037
5364,66041
5365,66047
5366,66067
5367,66071
5368,66083
5369,66089
5370,66103
5371,66107
5372,66109
5373,66137
5374,66161
5375,66169
5376,66173
5377,66179
5378,66191
5379,66221
5380,66239
5381,66271
5382,66293
5383,66301
5384,66337
5385,66343
5386,66347
5387,66359
5388,66361
5389,66373
5390,66377
5391,66383
5392,66403
5393,66413
5394,66431
5395,66449
5396,66457
5397,66463
5398,66467
5399,66491
5400,66499
5401,66509
5402,66523
5403,66529
5404,66533
5405,66541
5406,66553
5407,66569
5408,66571
5409,66587
5410,66593
5411,66601
5412,66617
5413,66629
5414,66643
5415,66653
5416,66683
5417,66697
5418,66701
5419,66713
5420,66721
5421,66733
5422,66739
5423,66749
5424,66751
5425,66763
5426,66791
5427,66797
5428,66809
5429,66821
5430,66841
5431,66851
5432,66853
5433,66863
5434,66877
5435,66883
5436,66889
5437,66919
5438,66923
5439,66931
5440,66943
5441,66947
5442,66949
5443,66959
5444,66973
5445,66977
5446,67003
5447,67021
5448,67033
5449,67043
5450,67049
5451,67057
5452,67061
5453,67073
5454,67079
5455,67103
5456,67121
5457,67129
5458,67139
5459,67141
5460,67153
5461,67157
5462,67169
5463,67181
5464,67187
5465,67189
5466,67211
5467,67213
5468,67217
5469,67219
5470,67231
5471,67247
5472,67261
5473,67271
5474,67273
5475,67289
5476,67307
5477,67339
5478,67343
5479,67349
5480,67369
5481,67391
5482,67399
5483,67409
5484,67411
5485,67421
5486,67427
5487,67429
5488,67433
5489,67447
5490,67453
5491,67477
5492,67481
5493,67489
5494,67493
5495,67499
5496,67511
5497,67523
5498,67531
5499,67537
5500,67547
5501,67559
5502,67567
5503,67577
5504,67579
5505,67589
5506,67601
5507,67607
5508,67619
5509,67631
5510,67651
5511,67679
5512,67699
5513,67709
5514,67723
5515,67733
5516,67741
5517,67751
5518,67757
5519,67759
5520,67763
5521,67777
5522,67783
5523,67789
5524,67801
5525,67807
5526,67819
5527,67829
5528,67843
5529,67853
5530,67867
5531,67883
5532,67891
5533,67901
5534,67927
5535,67931
5536,67933
5537,67939
5538,67943
5539,67957
5540,67961
5541,67967
5542,67979
5543,67987
5544,67993
5545,68023
5546,68041
5547,68053
5548,68059
5549,68071
5550,68087
5551,68099
5552,68111
5553,68113
5554,68141
5555,68147
5556,68161
5557,68171
5558,68207
5559,68209
5560,68213
5561,68219
5562,68227
5563,68239
5564,68261
5565,68279
5566,68281
5567,68311
5568,68329
5569,68351
5570,68371
5571,68389
5572,68399
5573,68437
5574,68443
5575,68447
5576,68449
5577,68473
5578,68477
5579,68483
5580,68489
5581,68491
5582,68501
5583,68507
5584,68521
5585,68531
5586,68539
5587,68543
5588,68567
5589,68581
5590,68597
5591,68611
5592,68633
5593,68639
5594,68659
5595,68669
5596,68683
5597,68687
5598,68699
5599,68711
5600,68713
5601,68729
5602,68737
5603,68743
5604,68749
5605,68767
5606,68771
5607,68777
5608,68791
5609,68813
5610,68819
5611,68821
5612,68863
5613,68879
5614,68881
5615,68891
5616,68897
5617,68899
5618,68903
5619,68909
5620,68917
5621,68927
5622,68947
5623,68963
5624,68993
5625,69001
5626,69011
5627,69019
5628,69029
5629,69031
5630,69061
5631,69067
5632,69073
5633,69109
5634,69119
5635,69127
5636,69143
5637,69149
5638,69151
5639,69163
5640,69191
5641,69193
5642,69197
5643,69203
5644,69221
5645,69233
5646,69239
5647,69247
5648,69257
5649,69259
5650,69263
5651,69313
5652,69317
5653,69337
5654,69341
5655,69371
5656,69379
5657,69383
5658,69389
5659,69401
5660,69403
5661,69427
5662,69431
5663,69439
5664,69457
5665,69463
5666,69467
5667,69473
5668,69481
5669,69491
5670,69493
5671,69497
5672,69499
5673,69539
5674,69557
5675,69593
5676,69623
5677,69653
5678,69661
5679,69677
5680,69691
5681,69697
5682,69709
5683,69737
5684,69739
5685,69761
5686,69763
5687,69767
5688,69779
5689,69809
5690,69821
5691,69827
5692,69829
5693,69833
5694,69847
5695,69857
5696,69859
5697,69877
5698,69899
5699,69911
5700,69929
5701,69931
5702,69941
5703,69959
5704,69991
5705,69997
5706,70001
5707,70003
5708,70009
5709,70019
5710,70039
5711,70051
5712,70061
5713,70067
5714,70079
5715,70099
5716,70111
5717,70117
5718,70121
5719,70123
5720,70139
5721,70141
5722,70157
5723,70163
5724,70177
5725,70181
5726,70183
5727,70199
5728,70201
5729,70207
5730,70223
5731,70229
5732,70237
5733,70241
5734,70249
5735,70271
5736,70289
5737,70297
5738,70309
5739,70313
5740,70321
5741,70327
5742,70351
5743,70373
5744,70379
5745,70381
5746,70393
5747,70423
5748,70429
5749,70439
5750,70451
5751,70457
5752,70459
5753,70481
5754,70487
5755,70489
5756,70501
5757,70507
5758,70529
5759,70537
5760,70549
5761,70571
5762,70573
5763,70583
5764,70589
5765,70607
5766,70619
5767,70621
5768,70627
5769,70639
5770,70657
5771,70663
5772,70667
5773,70687
5774,70709
5775,70717
5776,70729
5777,70753
5778,70769
5779,70783
5780,70793
5781,70823
5782,70841
5783,70843
5784,70849
5785,70853
5786,70867
5787,70877
5788,70879
5789,70891
5790,70901
5791,70913
5792,70919
5793,70921
5794,70937
5795,70949
5796,70951
5797,70957
5798,70969
5799,70979
5800,70981
5801,70991
5802,70997
5803,70999
5804,71011
5805,71023
5806,71039
5807,71059
5808,71069
5809,71081
5810,71089
5811,71119
5812,71129
5813,71143
5814,71147
5815,71153
5816,71161
5817,71167
5818,71171
5819,71191
5820,71209
5821,71233
5822,71237
5823,71249
5824,71257
5825,71261
5826,71263
5827,71287
5828,71293
5829,71317
5830,71327
5831,71329
5832,71333
5833,71339
5834,71341
5835,71347
5836,71353
5837,71359
5838,71363
5839,71387
5840,71389
5841,71399
5842,71411
5843,71413
5844,71419
5845,71429
5846,71437
5847,71443
5848,71453
5849,71471
5850,71473
5851,71479
5852,71483
5853,71503
5854,71527
5855,71537
5856,71549
5857,71551
5858,71563
5859,71569
5860,71593
5861,71597
5862,71633
5863,71647
5864,71663
5865,71671
5866,71693
5867,71699
5868,71707
5869,71711
5870,71713
5871,71719
5872,71741
5873,71761
5874,71777
5875,71789
5876,71807
5877,71809
5878,71821
5879,71837
5880,71843
5881,71849
5882,71861
5883,71867
5884,71879
5885,71881
5886,71887
5887,71899
5888,71909
5889,71917
5890,71933
5891,71941
5892,71947
5893,71963
5894,71971
5895,71983
5896,71987
5897,71993
5898,71999
5899,72019
5900,72031
5901,72043
5902,72047
5903,72053
5904,72073
5905,72077
5906,72089
5907,72091
5908,72101
5909,72103
5910,72109
5911,72139
5912,72161
5913,72167
5914,72169
5915,72173
5916,72211
5917,72221
5918,72223
5919,72227
5920,72229
5921,72251
5922,72253
5923,72269
5924,72271
5925,72277
5926,72287
5927,72307
5928,72313
5929,72337
5930,72341
5931,72353
5932,72367
5933,72379
5934,72383
5935,72421
5936,72431
5937,72461
5938,72467
5939,72469
5940,72481
5941,72493
5942,72497
5943,72503
5944,72533
5945,72547
5946,72551
5947,72559
5948,72577
5949,72613
5950,72617
5951,72623
5952,72643
5953,72647
5954,72649
5955,72661
5956,72671
5957,72673
5958,72679
5959,72689
5960,72701
5961,72707
5962,72719
5963,72727
5964,72733
5965,72739
5966,72763
5967,72767
5968,72797
5969,72817
5970,72823
5971,72859
5972,72869
5973,72871
5974,72883
5975,72889
5976,72893
5977,72901
5978,72907
5979,72911
5980,72923
5981,72931
5982,72937
5983,72949
5984,72953
5985,72959
5986,72973
5987,72977
5988,72997
5989,73009
5990,73013
5991,73019
5992,73037
5993,73039
5994,73043
5995,73061
5996,73063
5997,73079
5998,73091
5999,73121
6000,73127
6001,73133
6002,73141
6003,73181
6004,73189
6005,73237
6006,73243
6007,73259
6008,73277
6009,73291
6010,73303
6011,73309
6012,73327
6013,73331
6014,73351
6015,73361
6016,73363
6017,73369
6018,73379
6019,73387
6020,73417
6021,73421
6022,73433
6023,73453
6024,73459
6025,73471
6026,73477
6027,73483
6028,73517
6029,73523
6030,73529
6031,73547
6032,73553
6033,73561
6034,73571
6035,73583
6036,73589
6037,73597
6038,73607
6039,73609
6040,73613
6041,73637
6042,73643
6043,73651
6044,73673
6045,73679
6046,73681
6047,73693
6048,73699
6049,73709
6050,73721
6051,73727
6052,73751
6053,73757
6054,73771
6055,73783
6056,73819
6057,73823
6058,73847
6059,73849
6060,73859
6061,73867
6062,73877
6063,73883
6064,73897
6065,73907
6066,73939
6067,73943
6068,73951
6069,73961
6070,73973
6071,73999
6072,74017
6073,74021
6074,74027
6075,74047
6076,74051
6077,74071
6078,74077
6079,74093
6080,74099
6081,74101
6082,74131
6083,74143
6084,74149
6085,74159
6086,74161
6087,74167
6088,74177
6089,74189
6090,74197
6091,74201
6092,74203
6093,74209
6094,74219
6095,74231
6096,74257
6097,74279
6098,74287
6099,74293
6100,74297
6101,74311
6102,74317
6103,74323
6104,74353
6105,74357
6106,74363
6107,74377
6108,74381
6109,74383
6110,74411
6111,74413
6112,74419
6113,74441
6114,74449
6115,74453
6116,74471
6117,74489
6118,74507
6119,74509
6120,74521
6121,74527
6122,74531
6123,74551
6124,74561
6125,74567
6126,74573
6127,74587
6128,74597
6129,74609
6130,74611
6131,74623
6132,74653
6133,74687
6134,74699
6135,74707
6136,74713
6137,74717
6138,74719
6139,74729
6140,74731
6141,74747
6142,74759
6143,74761
6144,74771
6145,74779
6146,74797
6147,74821
6148,74827
6149,74831
6150,74843
6151,74857
6152,74861
6153,74869
6154,74873
6155,74887
6156,74891
6157,74897
6158,74903
6159,74923
6160,74929
6161,74933
6162,74941
6163,74959
6164,75011
6165,75013
6166,75017
6167,75029
6168,75037
6169,75041
6170,75079
6171,75083
6172,75109
6173,75133
6174,75149
6175,75161
6176,75167
6177,75169
6178,75181
6179,75193
6180,75209
6181,75211
6182,75217
6183,75223
6184,75227
6185,75239
6186,75253
6187,75269
6188,75277
6189,75289
6190,75307
6191,75323
6192,75329
6193,75337
6194,75347
6195,75353
6196,75367
6197,75377
6198,75389
6199,75391
6200,75401
6201,75403
6202,75407
6203,75431
6204,75437
6205,75479
6206,75503
6207,75511
6208,75521
6209,75527
6210,75533
6211,75539
6212,75541
6213,75553
6214,75557
6215,75571
6216,75577
6217,75583
6218,75611
6219,75617
6220,75619
6221,75629
6222,75641
6223,75653
6224,75659
6225,75679
6226,75683
6227,75689
6228,75703
6229,75707
6230,75709
6231,75721
6232,75731
6233,75743
6234,75767
6235,75773
6236,75781
6237,75787
6238,75793
6239,75797
6240,75821
6241,75833
6242,75853
6243,75869
6244,75883
6245,75913
6246,75931
6247,75937
6248,75941
6249,75967
6250,75979
6251,75983
6252,75989
6253,75991
6254,75997
6255,76001
6256,76003
6257,76031
6258,76039
6259,76079
6260,76081
6261,76091
6262,76099
6263,76103
6264,76123
6265,76129
6266,76147
6267,76157
6268,76159
6269,76163
6270,76207
6271,76213
6272,76231
6273,76243
6274,76249
6275,76253
6276,76259
6277,76261
6278,76283
6279,76289
6280,76303
6281,76333
6282,76343
6283,76367
6284,76369
6285,76379
6286,76387
6287,76403
6288,76421
6289,76423
6290,76441
6291,76463
6292,76471
6293,76481
6294,76487
6295,76493
6296,76507
6297,76511
6298,76519
6299,76537
6300,76541
6301,76543
6302,76561
6303,76579
6304,76597
6305,76603
6306,76607
6307,76631
6308,76649
6309,76651
6310,76667
6311,76673
6312,76679
6313,76697
6314,76717
6315,76733
6316,76753
6317,76757
6318,76771
6319,76777
6320,76781
6321,76801
6322,76819
6323,76829
6324,76831
6325,76837
6326,76847
6327,76871
6328,76873
6329,76883
6330,76907
6331,76913
6332,76919
6333,76943
6334,76949
6335,76961
6336,76963
6337,76991
6338,77003
6339,77017
6340,77023
6341,77029
6342,77041
6343,77047
6344,77069
6345,77081
6346,77093
6347,77101
6348,77137
6349,77141
6350,77153
6351,77167
6352,77171
6353,77191
6354,77201
6355,77213
6356,77237
6357,77239
6358,77243
6359,77249
6360,77261
6361,77263
6362,77267
6363,77269
6364,77279
6365,77291
6366,77317
6367,77323
6368,77339
6369,77347
6370,77351
6371,77359
6372,77369
6373,77377
6374,77383
6375,77417
6376,77419
6377,77431
6378,77447
6379,77471
6380,77477
6381,77479
6382,77489
6383,77491
6384,77509
6385,77513
6386,77521
6387,77527
6388,77543
6389,77549
6390,77551
6391,77557
6392,77563
6393,77569
6394,77573
6395,77587
6396,77591
6397,77611
6398,77617
6399,77621
6400,77641
6401,77647
6402,77659
6403,77681
6404,77687
6405,77689
6406,77699
6407,77711
6408,77713
6409,77719
6410,77723
6411,77731
6412,77743
6413,77747
6414,77761
6415,77773
6416,77783
6417,77797
6418,77801
6419,77813
6420,77839
6421,77849
6422,77863
6423,77867
6424,77893
6425,77899
6426,77929
6427,77933
6428,77951
6429,77969
6430,77977
6431,77983
6432,77999
6433,78007
6434,78017
6435,78031
6436,78041
6437,78049
6438,78059
6439,78079
6440,78101
6441,78121
6442,78137
6443,78139
6444,78157
6445,78163
6446,78167
6447,78173
6448,78179
6449,78191
6450,78193
6451,78203
6452,78229
6453,78233
6454,78241
6455,78259
6456,78277
6457,78283
6458,78301
6459,78307
6460,78311
6461,78317
6462,78341
6463,78347
6464,78367
6465,78401
6466,78427
6467,78437
6468,78439
6469,78467
6470,78479
6471,78487
6472,78497
6473,78509
6474,78511
6475,78517
6476,78539
6477,78541
6478,78553
6479,78569
6480,78571
6481,78577
6482,78583
6483,78593
6484,78607
6485,78623
6486,78643
6487,78649
6488,78653
6489,78691
6490,78697
6491,78707
6492,78713
6493,78721
6494,78737
6495,78779
6496,78781
6497,78787
6498,78791
6499,78797
6500,78803
6501,78809
6502,78823
6503,78839
6504,78853
6505,78857
6506,78877
6507,78887
6508,78889
6509,78893
6510,78901
6511,78919
6512,78929
6513,78941
6514,78977
6515,78979
6516,78989
6517,79031
6518,79039
6519,79043
6520,79063
6521,79087
6522,79103
6523,79111
6524,79133
6525,79139
6526,79147
6527,79151
6528,79153
6529,79159
6530,79181
6531,79187
6532,79193
6533,79201
6534,79229
6535,79231
6536,79241
6537,79259
6538,79273
6539,79279
6540,79283
6541,79301
6542,79309
6543,79319
6544,79333
6545,79337
6546,79349
6547,79357
6548,79367
6549,79379
6550,79393
6551,79397
6552,79399
6553,79411
6554,79423
6555,79427
6556,79433
6557,79451
6558,79481
6559,79493
6560,79531
6561,79537
6562,79549
6563,79559
6564,79561
6565,79579
6566,79589
6567,79601
6568,79609
6569,79613
6570,79621
6571,79627
6572,79631
6573,79633
6574,79657
6575,79669
6576,79687
6577,79691
6578,79693
6579,79697
6580,79699
6581,79757
6582,79769
6583,79777
6584,79801
6585,79811
6586,79813
6587,79817
6588,79823
6589,79829
6590,79841
6591,79843
6592,79847
6593,79861
6594,79867
6595,79873
6596,79889
6597,79901
6598,79903
6599,79907
6600,79939
6601,79943
6602,79967
6603,79973
6604,79979
6605,79987
6606,79997
6607,79999
6608,80021
6609,80039
6610,80051
6611,80071
6612,80077
6613,80107
6614,80111
6615,80141
6616,80147
6617,80149
6618,80153
6619,80167
6620,80173
6621,80177
6622,80191
6623,80207
6624,80209
6625,80221
6626,80231
6627,80233
6628,80239
6629,80251
6630,80263
6631,80273
6632,80279
6633,80287
6634,80309
6635,80317
6636,80329
6637,80341
6638,80347
6639,80363
6640,80369
6641,80387
6642,80407
6643,80429
6644,80447
6645,80449
6646,80471
6647,80473
6648,80489
6649,80491
6650,80513
6651,80527
6652,80537
6653,80557
6654,80567
6655,80599
6656,80603
6657,80611
6658,80621
6659,80627
6660,80629
6661,80651
6662,80657
6663,80669
6664,80671
6665,80677
6666,80681
6667,80683
6668,80687
6669,80701
6670,80713
6671,80737
6672,80747
6673,80749
6674,80761
6675,80777
6676,80779
6677,80783
6678,80789
6679,80803
6680,80809
6681,80819
6682,80831
6683,80833
6684,80849
6685,80863
6686,80897
6687,80909
6688,80911
6689,80917
6690,80923
6691,80929
6692,80933
6693,80953
6694,80963
6695,80989
6696,81001
6697,81013
6698,81017
6699,81019
6700,81023
6701,81031
6702,81041
6703,81043
6704,81047
6705,81049
6706,81071
6707,81077
6708,81083
6709,81097
6710,81101
6711,81119
6712,81131
6713,81157
6714,81163
6715,81173
6716,81181
6717,81197
6718,81199
6719,81203
6720,81223
6721,81233
6722,81239
6723,81281
6724,81283
6725,81293
6726,81299
6727,81307
6728,81331
6729,81343
6730,81349
6731,81353
6732,81359
6733,81371
6734,81373
6735,81401
6736,81409
6737,81421
6738,81439
6739,81457
6740,81463
6741,81509
6742,81517
6743,81527
6744,81533
6745,81547
6746,81551
6747,81553
6748,81559
6749,81563
6750,81569
6751,81611
6752,81619
6753,81629
6754,81637
6755,81647
6756,81649
6757,81667
6758,81671
6759,81677
6760,81689
6761,81701
6762,81703
6763,81707
6764,81727
6765,81737
6766,81749
6767,81761
6768,81769
6769,81773
6770,81799
6771,81817
6772,81839
6773,81847
6774,81853
6775,81869
6776,81883
6777,81899
6778,81901
6779,81919
6780,81929
6781,81931
6782,81937
6783,81943
6784,81953
6785,81967
6786,81971
6787,81973
6788,82003
6789,82007
6790,82009
6791,82013
6792,82021
6793,82031
6794,82037
6795,82039
6796,82051
6797,82067
6798,82073
6799,82129
6800,82139
6801,82141
6802,82153
6803,82163
6804,82171
6805,82183
6806,82189
6807,82193
6808,82207
6809,82217
6810,82219
6811,82223
6812,82231
6813,82237
6814,82241
6815,82261
6816,82267
6817,82279
6818,82301
6819,82307
6820,82339
6821,82349
6822,82351
6823,82361
6824,82373
6825,82387
6826,82393
6827,82421
6828,82457
6829,82463
6830,82469
6831,82471
6832,82483
6833,82487
6834,82493
6835,82499
6836,82507
6837,82529
6838,82531
6839,82549
6840,82559
6841,82561
6842,82567
6843,82571
6844,82591
6845,82601
6846,82609
6847,82613
6848,82619
6849,82633
6850,82651
6851,82657
6852,82699
6853,82721
6854,82723
6855,82727
6856,82729
6857,82757
6858,82759
6859,82763
6860,82781
6861,82787
6862,82793
6863,82799
6864,82811
6865,82813
6866,82837
6867,82847
6868,82883
6869,82889
6870,82891
6871,82903
6872,82913
6873,82939
6874,82963
6875,82981
6876,82997
6877,83003
6878,83009
6879,83023
6880,83047
6881,83059
6882,83063
6883,83071
6884,83077
6885,83089
6886,83093
6887,83101
6888,83117
6889,83137
6890,83177
6891,83203
6892,83207
6893,83219
6894,83221
6895,83227
6896,83231
6897,83233
6898,83243
6899,83257
6900,83267
6901,83269
6902,83273
6903,83299
6904,83311
6905,83339
6906,83341
6907,83357
6908,83383
6909,83389
6910,83399
6911,83401
6912,83407
6913,83417
6914,83423
6915,83431
6916,83437
6917,83443
6918,83449
6919,83459
6920,83471
6921,83477
6922,83497
6923,83537
6924,83557
6925,83561
6926,83563
6927,83579
6928,83591
6929,83597
6930,83609
6931,83617
6932,83621
6933,83639
6934,83641
6935,83653
6936,83663
6937,83689
6938,83701
6939,83717
6940,83719
6941,83737
6942,83761
6943,83773
6944,83777
6945,83791
6946,83813
6947,83833
6948,83843
6949,83857
6950,83869
6951,83873
6952,83891
6953,83903
6954,83911
6955,83921
6956,83933
6957,83939
6958,83969
6959,83983
6960,83987
6961,84011
6962,84017
6963,84047
6964,84053
6965,84059
6966,84061
6967,84067
6968,84089
6969,84121
6970,84127
6971,84131
6972,84137
6973,84143
6974,84163
6975,84179
6976,84181
6977,84191
6978,84199
6979,84211
6980,84221
6981,84223
6982,84229
6983,84239
6984,84247
6985,84263
6986,84299
6987,84307
6988,84313
6989,84317
6990,84319
6991,84347
6992,84349
6993,84377
6994,84389
6995,84391
6996,84401
6997,84407
6998,84421
6999,84431
7000,84437
7001,84443
7002,84449
7003,84457
7004,84463
7005,84467
7006,84481
7007,84499
7008,84503
7009,84509
7010,84521
7011,84523
7012,84533
7013,84551
7014,84559
7015,84589
7016,84629
7017,84631
7018,84649
7019,84653
7020,84659
7021,84673
7022,84691
7023,84697
7024,84701
7025,84713
7026,84719
7027,84731
7028,84737
7029,84751
7030,84761
7031,84787
7032,84793
7033,84809
7034,84811
7035,84827
7036,84857
7037,84859
7038,84869
7039,84871
7040,84913
7041,84919
7042,84947
7043,84961
7044,84967
7045,84977
7046,84979
7047,84991
7048,85009
7049,85021
7050,85027
7051,85037
7052,85049
7053,85061
7054,85081
7055,85087
7056,85091
7057,85093
7058,85103
7059,85109
7060,85121
7061,85133
7062,85147
7063,85159
7064,85193
7065,85199
7066,85201
7067,85213
7068,85223
7069,85229
7070,85237
7071,85243
7072,85247
7073,85259
7074,85297
7075,85303
7076,85313
7077,85331
7078,85333
7079,85361
7080,85363
7081,85369
7082,85381
7083,85411
7084,85427
7085,85429
7086,85439
7087,85447
7088,85451
7089,85453
7090,85469
7091,85487
7092,85513
7093,85517
7094,85523
7095,85531
7096,85549
7097,85571
7098,85577
7099,85597
7100,85601
7101,85607
7102,85619
7103,85621
7104,85627
7105,85639
7106,85643
7107,85661
7108,85667
7109,85669
7110,85691
7111,85703
7112,85711
7113,85717
7114,85733
7115,85751
7116,85781
7117,85793
7118,85817
7119,85819
7120,85829
7121,85831
7122,85837
7123,85843
7124,85847
7125,85853
7126,85889
7127,85903
7128,85909
7129,85931
7130,85933
7131,85991
7132,85999
7133,86011
7134,86017
7135,86027
7136,86029
7137,86069
7138,86077
7139,86083
7140,86111
7141,86113
7142,86117
7143,86131
7144,86137
7145,86143
7146,86161
7147,86171
7148,86179
7149,86183
7150,86197
7151,86201
7152,86209
7153,86239
7154,86243
7155,86249
7156,86257
7157,86263
7158,86269
7159,86287
7160,86291
7161,86293
7162,86297
7163,86311
7164,86323
7165,86341
7166,86351
7167,86353
7168,86357
7169,86369
7170,86371
7171,86381
7172,86389
7173,86399
7174,86413
7175,86423
7176,86441
7177,86453
7178,86461
7179,86467
7180,86477
7181,86491
7182,86501
7183,86509
7184,86531
7185,86533
7186,86539
7187,86561
7188,86573
7189,86579
7190,86587
7191,86599
7192,86627
7193,86629
7194,86677
7195,86689
7196,86693
7197,86711
7198,86719
7199,86729
7200,86743
7201,86753
7202,86767
7203,86771
7204,86783
7205,86813
7206,86837
7207,86843
7208,86851
7209,86857
7210,86861
7211,86869
7212,86923
7213,86927
7214,86929
7215,86939
7216,86951
7217,86959
7218,86969
7219,86981
7220,86993
7221,87011
7222,87013
7223,87037
7224,87041
7225,87049
7226,87071
7227,87083
7228,87103
7229,87107
7230,87119
7231,87121
7232,87133
7233,87149
7234,87151
7235,87179
7236,87181
7237,87187
7238,87211
7239,87221
7240,87223
7241,87251
7242,87253
7243,87257
7244,87277
7245,87281
7246,87293
7247,87299
7248,87313
7249,87317
7250,87323
7251,87337
7252,87359
7253,87383
7254,87403
7255,87407
7256,87421
7257,87427
7258,87433
7259,87443
7260,87473
7261,87481
7262,87491
7263,87509
7264,87511
7265,87517
7266,87523
7267,87539
7268,87541
7269,87547
7270,87553
7271,87557
7272,87559
7273,87583
7274,87587
7275,87589
7276,87613
7277,87623
7278,87629
7279,87631
7280,87641
7281,87643
7282,87649
7283,87671
7284,87679
7285,87683
7286,87691
7287,87697
7288,87701
7289,87719
7290,87721
7291,87739
7292,87743
7293,87751
7294,87767
7295,87793
7296,87797
7297,87803
7298,87811
7299,87833
7300,87853
7301,87869
7302,87877
7303,87881
7304,87887
7305,87911
7306,87917
7307,87931
7308,87943
7309,87959
7310,87961
7311,87973
7312,87977
7313,87991
7314,88001
7315,88003
7316,88007
7317,88019
7318,88037
7319,88069
7320,88079
7321,88093
7322,88117
7323,88129
7324,88169
7325,88177
7326,88211
7327,88223
7328,88237
7329,88241
7330,88259
7331,88261
7332,88289
7333,88301
7334,88321
7335,88327
7336,88337
7337,88339
7338,88379
7339,88397
7340,88411
7341,88423
7342,88427
7343,88463
7344,88469
7345,88471
7346,88493
7347,88499
7348,88513
7349,88523
7350,88547
7351,88589
7352,88591
7353,88607
7354,88609
7355,88643
7356,88651
7357,88657
7358,88661
7359,88663
7360,88667
7361,88681
7362,88721
7363,88729
7364,88741
7365,88747
7366,88771
7367,88789
7368,88793
7369,88799
7370,88801
7371,88807
7372,88811
7373,88813
7374,88817
7375,88819
7376,88843
7377,88853
7378,88861
7379,88867
7380,88873
7381,88883
7382,88897
7383,88903
7384,88919
7385,88937
7386,88951
7387,88969
7388,88993
7389,88997
7390,89003
7391,89009
7392,89017
7393,89021
7394,89041
7395,89051
7396,89057
7397,89069
7398,89071
7399,89083
7400,89087
7401,89101
7402,89107
7403,89113
7404,89119
7405,89123
7406,89137
7407,89153
7408,89189
7409,89203
7410,89209
7411,89213
7412,89227
7413,89231
7414,89237
7415,89261
7416,89269
7417,89273
7418,89293
7419,89303
7420,89317
7421,89329
7422,89363
7423,89371
7424,89381
7425,89387
7426,89393
7427,89399
7428,89413
7429,89417
7430,89431
7431,89443
7432,89449
7433,89459
7434,89477
7435,89491
7436,89501
7437,89513
7438,89519
7439,89521
7440,89527
7441,89533
7442,89561
7443,89563
7444,89567
7445,89591
7446,89597
7447,89599
7448,89603
7449,89611
7450,89627
7451,89633
7452,89653
7453,89657
7454,89659
7455,89669
7456,89671
7457,89681
7458,89689
7459,89753
7460,89759
7461,89767
7462,89779
7463,89783
7464,89797
7465,89809
7466,89819
7467,89821
7468,89833
7469,89839
7470,89849
7471,89867
7472,89891
7473,89897
7474,89899
7475,89909
7476,89917
7477,89923
7478,89939
7479,89959
7480,89963
7481,89977
7482,89983
7483,89989
7484,90001
7485,90007
7486,90011
7487,90017
7488,90019
7489,90023
7490,90031
7491,90053
7492,90059
7493,90067
7494,90071
7495,90073
7496,90089
7497,90107
7498,90121
7499,90127
7500,90149
7501,90163
7502,90173
7503,90187
7504,90191
7505,90197
7506,90199
7507,90203
7508,90217
7509,90227
7510,90239
7511,90247
7512,90263
7513,90271
7514,90281
7515,90289
7516,90313
7517,90353
7518,90359
7519,90371
7520,90373
7521,90379
7522,90397
7523,90401
7524,90403
7525,90407
7526,90437
7527,90439
7528,90469
7529,90473
7530,90481
7531,90499
7532,90511
7533,90523
7534,90527
7535,90529
7536,90533
7537,90547
7538,90583
7539,90599
7540,90617
7541,90619
7542,90631
7543,90641
7544,90647
7545,90659
7546,90677
7547,90679
7548,90697
7549,90703
7550,90709
7551,90731
7552,90749
7553,90787
7554,90793
7555,90803
7556,90821
7557,90823
7558,90833
7559,90841
7560,90847
7561,90863
7562,90887
7563,90901
7564,90907
7565,90911
7566,90917
7567,90931
7568,90947
7569,90971
7570,90977
7571,90989
7572,90997
7573,91009
7574,91019
7575,91033
7576,91079
7577,91081
7578,91097
7579,91099
7580,91121
7581,91127
7582,91129
7583,91139
7584,91141
7585,91151
7586,91153
7587,91159
7588,91163
7589,91183
7590,91193
7591,91199
7592,91229
7593,91237
7594,91243
7595,91249
7596,91253
7597,91283
7598,91291
7599,91297
7600,91303
7601,91309
7602,91331
7603,91367
7604,91369
7605,91373
7606,91381
7607,91387
7608,91393
7609,91397
7610,91411
7611,91423
7612,91433
7613,91453
7614,91457
7615,91459
7616,91463
7617,91493
7618,91499
7619,91513
7620,91529
7621,91541
7622,91571
7623,91573
7624,91577
7625,91583
7626,91591
7627,91621
7628,91631
7629,91639
7630,91673
7631,91691
7632,91703
7633,91711
7634,91733
7635,91753
7636,91757
7637,91771
7638,91781
7639,91801
7640,91807
7641,91811
7642,91813
7643,91823
7644,91837
7645,91841
7646,91867
7647,91873
7648,91909
7649,91921
7650,91939
7651,91943
7652,91951
7653,91957
7654,91961
7655,91967
7656,91969
7657,91997
7658,92003
7659,92009
7660,92033
7661,92041
7662,92051
7663,92077
7664,92083
7665,92107
7666,92111
7667,92119
7668,92143
7669,92153
7670,92173
7671,92177
7672,92179
7673,92189
7674,92203
7675,92219
7676,92221
7677,92227
7678,92233
7679,92237
7680,92243
7681,92251
7682,92269
7683,92297
7684,92311
7685,92317
7686,92333
7687,92347
7688,92353
7689,92357
7690,92363
7691,92369
7692,92377
7693,92381
7694,92383
7695,92387
7696,92399
7697,92401
7698,92413
7699,92419
7700,92431
7701,92459
7702,92461
7703,92467
7704,92479
7705,92489
7706,92503
7707,92507
7708,92551
7709,92557
7710,92567
7711,92569
7712,92581
7713,92593
7714,92623
7715,92627
7716,92639
7717,92641
7718,92647
7719,92657
7720,92669
7721,92671
7722,92681
7723,92683
7724,92693
7725,92699
7726,92707
7727,92717
7728,92723
7729,92737
7730,92753
7731,92761
7732,92767
7733,92779
7734,92789
7735,92791
7736,92801
7737,92809
7738,92821
7739,92831
7740,92849
7741,92857
7742,92861
7743,92863
7744,92867
7745,92893
7746,92899
7747,92921
7748,92927
7749,92941
7750,92951
7751,92957
7752,92959
7753,92987
7754,92993
7755,93001
7756,93047
7757,93053
7758,93059
7759,93077
7760,93083
7761,93089
7762,93097
7763,93103
7764,93113
7765,93131
7766,93133
7767,93139
7768,93151
7769,93169
7770,93179
7771,93187
7772,93199
7773,93229
7774,93239
7775,93241
7776,93251
7777,93253
7778,93257
7779,93263
7780,93281
7781,93283
7782,93287
7783,93307
7784,93319
7785,93323
7786,93329
7787,93337
7788,93371
7789,93377
7790,93383
7791,93407
7792,93419
7793,93427
7794,93463
7795,93479
7796,93481
7797,93487
7798,93491
7799,93493
7800,93497
7801,93503
7802,93523
7803,93529
7804,93553
7805,93557
7806,93559
7807,93563
7808,93581
7809,93601
7810,93607
7811,93629
7812,93637
7813,93683
7814,93701
7815,93703
7816,93719
7817,93739
7818,93761
7819,93763
7820,93787
7821,93809
7822,93811
7823,93827
7824,93851
7825,93871
7826,93887
7827,93889
7828,93893
7829,93901
7830,93911
7831,93913
7832,93923
7833,93937
7834,93941
7835,93949
7836,93967
7837,93971
7838,93979
7839,93983
7840,93997
7841,94007
7842,94009
7843,94033
7844,94049
7845,94057
7846,94063
7847,94079
7848,94099
7849,94109
7850,94111
7851,94117
7852,94121
7853,94151
7854,94153
7855,94169
7856,94201
7857,94207
7858,94219
7859,94229
7860,94253
7861,94261
7862,94273
7863,94291
7864,94307
7865,94309
7866,94321
7867,94327
7868,94331
7869,94343
7870,94349
7871,94351
7872,94379
7873,94397
7874,94399
7875,94421
7876,94427
7877,94433
7878,94439
7879,94441
7880,94447
7881,94463
7882,94477
7883,94483
7884,94513
7885,94529
7886,94531
7887,94541
7888,94543
7889,94547
7890,94559
7891,94561
7892,94573
7893,94583
7894,94597
7895,94603
7896,94613
7897,94621
7898,94649
7899,94651
7900,94687
7901,94693
7902,94709
7903,94723
7904,94727
7905,94747
7906,94771
7907,94777
7908,94781
7909,94789
7910,94793
7911,94811
7912,94819
7913,94823
7914,94837
7915,94841
7916,94847
7917,94849
7918,94873
7919,94889
7920,94903
7921,94907
7922,94933
7923,94949
7924,94951
7925,94961
7926,94993
7927,94999
7928,95003
7929,95009
7930,95021
7931,95027
7932,95063
7933,95071
7934,95083
7935,95087
7936,95089
7937,95093
7938,95101
7939,95107
7940,95111
7941,95131
7942,95143
7943,95153
7944,95177
7945,95189
7946,95191
7947,95203
7948,95213
7949,95219
7950,95231
7951,95233
7952,95239
7953,95257
7954,95261
7955,95267
7956,95273
7957,95279
7958,95287
7959,95311
7960,95317
7961,95327
7962,95339
7963,95369
7964,95383
7965,95393
7966,95401
7967,95413
7968,95419
7969,95429
7970,95441
7971,95443
7972,95461
7973,95467
7974,95471
7975,95479
7976,95483
7977,95507
7978,95527
7979,95531
7980,95539
7981,95549
7982,95561
7983,95569
7984,95581
7985,95597
7986,95603
7987,95617
7988,95621
7989,95629
7990,95633
7991,95651
7992,95701
7993,95707
7994,95713
7995,95717
7996,95723
7997,95731
7998,95737
7999,95747
8000,95773
8001,95783
8002,95789
8003,95791
8004,95801
8005,95803
8006,95813
8007,95819
8008,95857
8009,95869
8010,95873
8011,95881
8012,95891
8013,95911
8014,95917
8015,95923
8016,95929
8017,95947
8018,95957
8019,95959
8020,95971
8021,95987
8022,95989
8023,96001
8024,96013
8025,96017
8026,96043
8027,96053
8028,96059
8029,96079
8030,96097
8031,96137
8032,96149
8033,96157
8034,96167
8035,96179
8036,96181
8037,96199
8038,96211
8039,96221
8040,96223
8041,96233
8042,96259
8043,96263
8044,96269
8045,96281
8046,96289
8047,96293
8048,96323
8049,96329
8050,96331
8051,96337
8052,96353
8053,96377
8054,96401
8055,96419
8056,96431
8057,96443
8058,96451
8059,96457
8060,96461
8061,96469
8062,96479
8063,96487
8064,96493
8065,96497
8066,96517
8067,96527
8068,96553
8069,96557
8070,96581
8071,96587
8072,96589
8073,96601
8074,96643
8075,96661
8076,96667
8077,96671
8078,96697
8079,96703
8080,96731
8081,96737
8082,96739
8083,96749
8084,96757
8085,96763
8086,96769
8087,96779
8088,96787
8089,96797
8090,96799
8091,96821
8092,96823
8093,96827
8094,96847
8095,96851
8096,96857
8097,96893
8098,96907
8099,96911
8100,96931
8101,96953
8102,96959
8103,96973
8104,96979
8105,96989
8106,96997
8107,97001
8108,97003
8109,97007
8110,97021
8111,97039
8112,97073
8113,97081
8114,97103
8115,97117
8116,97127
8117,97151
8118,97157
8119,97159
8120,97169
8121,97171
8122,97177
8123,97187
8124,97213
8125,97231
8126,97241
8127,97259
8128,97283
8129,97301
8130,97303
8131,97327
8132,97367
8133,97369
8134,97373
8135,97379
8136,97381
8137,97387
8138,97397
8139,97423
8140,97429
8141,97441
8142,97453
8143,97459
8144,97463
8145,97499
8146,97501
8147,97511
8148,97523
8149,97547
8150,97549
8151,97553
8152,97561
8153,97571
8154,97577
8155,97579
8156,97583
8157,97607
8158,97609
8159,97613
8160,97649
8161,97651
8162,97673
8163,97687
8164,97711
8165,97729
8166,97771
8167,97777
8168,97787
8169,97789
8170,97813
8171,97829
8172,97841
8173,97843
8174,97847
8175,97849
8176,97859
8177,97861
8178,97871
8179,97879
8180,97883
8181,97919
8182,97927
8183,97931
8184,97943
8185,97961
8186,97967
8187,97973
8188,97987
8189,98009
8190,98011
8191,98017
8192,98041
8193,98047
8194,98057
8195,98081
8196,98101
8197,98123
8198,98129
8199,98143
8200,98179
8201,98207
8202,98213
8203,98221
8204,98227
8205,98251
8206,98257
8207,98269
8208,98297
8209,98299
8210,98317
8211,98321
8212,98323
8213,98327
8214,98347
8215,98369
8216,98377
8217,98387
8218,98389
8219,98407
8220,98411
8221,98419
8222,98429
8223,98443
8224,98453
8225,98459
8226,98467
8227,98473
8228,98479
8229,98491
8230,98507
8231,98519
8232,98533
8233,98543
8234,98561
8235,98563
8236,98573
8237,98597
8238,98621
8239,98627
8240,98639
8241,98641
8242,98663
8243,98669
8244,98689
8245,98711
8246,98713
8247,98717
8248,98729
8249,98731
8250,98737
8251,98773
8252,98779
8253,98801
8254,98807
8255,98809
8256,98837
8257,98849
8258,98867
8259,98869
8260,98873
8261,98887
8262,98893
8263,98897
8264,98899
8265,98909
8266,98911
8267,98927
8268,98929
8269,98939
8270,98947
8271,98953
8272,98963
8273,98981
8274,98993
8275,98999
8276,99013
8277,99017
8278,99023
8279,99041
8280,99053
8281,99079
8282,99083
8283,99089
8284,99103
8285,99109
8286,99119
8287,99131
8288,99133
8289,99137
8290,99139
8291,99149
8292,99173
8293,99181
8294,99191
8295,99223
8296,99233
8297,99241
8298,99251
8299,99257
8300,99259
8301,99277
8302,99289
8303,99317
8304,99347
8305,99349
8306,99367
8307,99371
8308,99377
8309,99391
8310,99397
8311,99401
8312,99409
8313,99431
8314,99439
8315,99469
8316,99487
8317,99497
8318,99523
8319,99527
8320,99529
8321,99551
8322,99559
8323,99563
8324,99571
8325,99577
8326,99581
8327,99607
8328,99611
8329,99623
8330,99643
8331,99661
8332,99667
8333,99679
8334,99689
8335,99707
8336,99709
8337,99713
8338,99719
8339,99721
8340,99733
8341,99761
8342,99767
8343,99787
8344,99793
8345,99809
8346,99817
8347,99823
8348,99829
8349,99833
8350,99839
8351,99859
8352,99871
8353,99877
8354,99881
8355,99901
8356,99907
8357,99923
8358,99929
8359,99961
8360,99971
8361,99989
8362,99991
